16668, 0.8232931726907631, 0.7951807228915663, 0.7670682730923695, 0.8353413654618473, 0.8152610441767069, 0.7943548387096774, 0.7991967871485943, 0.8473895582329317, 0.8353413654618473, 0.7871485943775101
15791, 0.8273092369477911, 0.7991967871485943, 0.7710843373493976, 0.8353413654618473, 0.8152610441767069, 0.8064516129032258, 0.7991967871485943, 0.8594377510040161, 0.8353413654618473, 0.7911646586345381
14914, 0.8232931726907631, 0.7991967871485943, 0.7751004016064257, 0.8353413654618473, 0.8112449799196787, 0.8064516129032258, 0.8072289156626506, 0.8554216867469879, 0.8393574297188755, 0.7911646586345381
14036, 0.8232931726907631, 0.7991967871485943, 0.7831325301204819, 0.8393574297188755, 0.8032128514056225, 0.8064516129032258, 0.8112449799196787, 0.8554216867469879, 0.8433734939759037, 0.7911646586345381
13159, 0.8232931726907631, 0.7951807228915663, 0.7751004016064257, 0.8232931726907631, 0.7871485943775101, 0.8064516129032258, 0.7991967871485943, 0.8554216867469879, 0.8433734939759037, 0.7951807228915663
12282, 0.8192771084337349, 0.7871485943775101, 0.7871485943775101, 0.8313253012048193, 0.7911646586345381, 0.8104838709677419, 0.8032128514056225, 0.8514056224899599, 0.8393574297188755, 0.7871485943775101
11405, 0.8273092369477911, 0.7831325301204819, 0.7831325301204819, 0.8273092369477911, 0.7951807228915663, 0.8064516129032258, 0.8032128514056225, 0.8473895582329317, 0.8313253012048193, 0.7871485943775101
10527, 0.8273092369477911, 0.7871485943775101, 0.7831325301204819, 0.8273092369477911, 0.7871485943775101, 0.8064516129032258, 0.7951807228915663, 0.8433734939759037, 0.8433734939759037, 0.7831325301204819
9650, 0.8313253012048193, 0.7951807228915663, 0.7590361445783133, 0.8232931726907631, 0.7911646586345381, 0.7903225806451613, 0.7991967871485943, 0.8393574297188755, 0.8353413654618473, 0.7791164658634538
8773, 0.8273092369477911, 0.7951807228915663, 0.7630522088353414, 0.8273092369477911, 0.7831325301204819, 0.7943548387096774, 0.7991967871485943, 0.8433734939759037, 0.8353413654618473, 0.7831325301204819
7896, 0.8152610441767069, 0.7911646586345381, 0.7670682730923695, 0.8273092369477911, 0.7911646586345381, 0.8024193548387096, 0.8032128514056225, 0.8514056224899599, 0.8313253012048193, 0.7871485943775101
7018, 0.8032128514056225, 0.7951807228915663, 0.7469879518072289, 0.8232931726907631, 0.7791164658634538, 0.8064516129032258, 0.7991967871485943, 0.8273092369477911, 0.8232931726907631, 0.7911646586345381
6141, 0.7991967871485943, 0.7751004016064257, 0.7670682730923695, 0.8112449799196787, 0.7751004016064257, 0.8104838709677419, 0.7871485943775101, 0.8273092369477911, 0.8152610441767069, 0.7911646586345381
5264, 0.8032128514056225, 0.7590361445783133, 0.7670682730923695, 0.8232931726907631, 0.7791164658634538, 0.8064516129032258, 0.7831325301204819, 0.8273092369477911, 0.8273092369477911, 0.7791164658634538
4387, 0.7751004016064257, 0.7550200803212851, 0.7550200803212851, 0.7871485943775101, 0.7670682730923695, 0.7903225806451613, 0.7751004016064257, 0.8273092369477911, 0.8072289156626506, 0.7590361445783133
3509, 0.7550200803212851, 0.7590361445783133, 0.7590361445783133, 0.7791164658634538, 0.7670682730923695, 0.7903225806451613, 0.7630522088353414, 0.8032128514056225, 0.8032128514056225, 0.7550200803212851
2632, 0.751004016064257, 0.7590361445783133, 0.751004016064257, 0.7630522088353414, 0.7590361445783133, 0.8064516129032258, 0.7710843373493976, 0.8032128514056225, 0.8072289156626506, 0.7550200803212851
1755, 0.751004016064257, 0.7590361445783133, 0.7429718875502008, 0.7469879518072289, 0.751004016064257, 0.7620967741935484, 0.7670682730923695, 0.8152610441767069, 0.7630522088353414, 0.7269076305220884
878, 0.7228915662650602, 0.7389558232931727, 0.714859437751004, 0.7269076305220884, 0.7108433734939759, 0.7338709677419355, 0.7429718875502008, 0.7670682730923695, 0.751004016064257, 0.714859437751004
