10085, 0.5380710659898477, 0.5736040609137056, 0.5228426395939086, 0.5888324873096447, 0.5909090909090909, 0.5583756345177665, 0.5126903553299492, 0.6294416243654822, 0.5025380710659898, 0.5888324873096447
9554, 0.5431472081218274, 0.5736040609137056, 0.5228426395939086, 0.5939086294416244, 0.5808080808080808, 0.5431472081218274, 0.5177664974619289, 0.6345177664974619, 0.5076142131979695, 0.583756345177665
9023, 0.5431472081218274, 0.5736040609137056, 0.5228426395939086, 0.5888324873096447, 0.5757575757575758, 0.5482233502538071, 0.5228426395939086, 0.6294416243654822, 0.5076142131979695, 0.5786802030456852
8492, 0.5532994923857868, 0.5989847715736041, 0.5279187817258884, 0.5939086294416244, 0.5858585858585859, 0.5583756345177665, 0.5279187817258884, 0.6395939086294417, 0.5177664974619289, 0.583756345177665
7962, 0.5482233502538071, 0.6091370558375635, 0.5329949238578681, 0.583756345177665, 0.5858585858585859, 0.5583756345177665, 0.5279187817258884, 0.649746192893401, 0.5177664974619289, 0.583756345177665
7431, 0.5532994923857868, 0.6091370558375635, 0.5482233502538071, 0.6091370558375635, 0.5808080808080808, 0.5685279187817259, 0.5279187817258884, 0.649746192893401, 0.5177664974619289, 0.583756345177665
6900, 0.5482233502538071, 0.6040609137055838, 0.5532994923857868, 0.6142131979695431, 0.5909090909090909, 0.5736040609137056, 0.5279187817258884, 0.6548223350253807, 0.5228426395939086, 0.5989847715736041
6369, 0.5482233502538071, 0.6192893401015228, 0.5583756345177665, 0.6091370558375635, 0.5959595959595959, 0.5634517766497462, 0.5431472081218274, 0.649746192893401, 0.5279187817258884, 0.5989847715736041
5839, 0.5482233502538071, 0.6243654822335025, 0.5482233502538071, 0.6040609137055838, 0.6060606060606061, 0.5685279187817259, 0.5431472081218274, 0.6649746192893401, 0.5380710659898477, 0.6243654822335025
5308, 0.5532994923857868, 0.6294416243654822, 0.5482233502538071, 0.6091370558375635, 0.6161616161616161, 0.5685279187817259, 0.5532994923857868, 0.649746192893401, 0.5380710659898477, 0.6091370558375635
4777, 0.5634517766497462, 0.6345177664974619, 0.5431472081218274, 0.6142131979695431, 0.6161616161616161, 0.5583756345177665, 0.5482233502538071, 0.6548223350253807, 0.5431472081218274, 0.6192893401015228
4246, 0.5532994923857868, 0.6192893401015228, 0.5634517766497462, 0.6142131979695431, 0.6313131313131313, 0.5736040609137056, 0.5634517766497462, 0.6548223350253807, 0.5329949238578681, 0.6243654822335025
3716, 0.5786802030456852, 0.6294416243654822, 0.5685279187817259, 0.6243654822335025, 0.6363636363636364, 0.5634517766497462, 0.5634517766497462, 0.6598984771573604, 0.5329949238578681, 0.6243654822335025
3185, 0.5786802030456852, 0.6243654822335025, 0.5532994923857868, 0.6243654822335025, 0.6414141414141414, 0.5786802030456852, 0.5583756345177665, 0.6345177664974619, 0.5380710659898477, 0.6192893401015228
2654, 0.5583756345177665, 0.5989847715736041, 0.5279187817258884, 0.6395939086294417, 0.6515151515151515, 0.5736040609137056, 0.5685279187817259, 0.6294416243654822, 0.5228426395939086, 0.6040609137055838
2123, 0.5431472081218274, 0.5888324873096447, 0.5431472081218274, 0.6395939086294417, 0.6363636363636364, 0.5736040609137056, 0.5634517766497462, 0.6243654822335025, 0.5279187817258884, 0.5736040609137056
1593, 0.5380710659898477, 0.5685279187817259, 0.5126903553299492, 0.6091370558375635, 0.6414141414141414, 0.583756345177665, 0.5736040609137056, 0.6091370558375635, 0.48223350253807107, 0.5634517766497462
1062, 0.5329949238578681, 0.5177664974619289, 0.49746192893401014, 0.5685279187817259, 0.6212121212121212, 0.5431472081218274, 0.5583756345177665, 0.5685279187817259, 0.49238578680203043, 0.5228426395939086
531, 0.47715736040609136, 0.47715736040609136, 0.4619289340101523, 0.49746192893401014, 0.5454545454545454, 0.4467005076142132, 0.49746192893401014, 0.5329949238578681, 0.4720812182741117, 0.467005076142132
