10085, 0.5279187817258884, 0.5685279187817259, 0.5228426395939086, 0.5888324873096447, 0.5707070707070707, 0.5431472081218274, 0.5025380710659898, 0.6243654822335025, 0.5076142131979695, 0.583756345177665
9554, 0.5228426395939086, 0.5736040609137056, 0.5126903553299492, 0.583756345177665, 0.5808080808080808, 0.5329949238578681, 0.5025380710659898, 0.6294416243654822, 0.4873096446700508, 0.5786802030456852
9023, 0.5228426395939086, 0.5786802030456852, 0.5076142131979695, 0.583756345177665, 0.5808080808080808, 0.5431472081218274, 0.5076142131979695, 0.6192893401015228, 0.49746192893401014, 0.583756345177665
8492, 0.5329949238578681, 0.5736040609137056, 0.5228426395939086, 0.583756345177665, 0.5858585858585859, 0.5482233502538071, 0.5076142131979695, 0.6243654822335025, 0.5126903553299492, 0.583756345177665
7962, 0.5279187817258884, 0.5736040609137056, 0.5177664974619289, 0.5888324873096447, 0.5757575757575758, 0.5431472081218274, 0.5177664974619289, 0.6294416243654822, 0.5126903553299492, 0.5939086294416244
7431, 0.5380710659898477, 0.5888324873096447, 0.5177664974619289, 0.5888324873096447, 0.5757575757575758, 0.5380710659898477, 0.5177664974619289, 0.6345177664974619, 0.5076142131979695, 0.5736040609137056
6900, 0.5177664974619289, 0.5888324873096447, 0.5228426395939086, 0.5888324873096447, 0.5858585858585859, 0.5279187817258884, 0.5076142131979695, 0.6192893401015228, 0.5025380710659898, 0.5736040609137056
6369, 0.5177664974619289, 0.5888324873096447, 0.5228426395939086, 0.583756345177665, 0.5858585858585859, 0.5482233502538071, 0.5076142131979695, 0.6243654822335025, 0.49746192893401014, 0.5736040609137056
5839, 0.5279187817258884, 0.583756345177665, 0.5329949238578681, 0.5786802030456852, 0.5909090909090909, 0.5583756345177665, 0.5076142131979695, 0.6294416243654822, 0.49746192893401014, 0.5989847715736041
5308, 0.5380710659898477, 0.5888324873096447, 0.5329949238578681, 0.583756345177665, 0.5909090909090909, 0.5532994923857868, 0.5126903553299492, 0.6294416243654822, 0.5025380710659898, 0.5939086294416244
4777, 0.5380710659898477, 0.583756345177665, 0.5431472081218274, 0.5888324873096447, 0.6111111111111112, 0.5482233502538071, 0.5279187817258884, 0.649746192893401, 0.5025380710659898, 0.5989847715736041
4246, 0.5329949238578681, 0.5888324873096447, 0.5279187817258884, 0.583756345177665, 0.6060606060606061, 0.5583756345177665, 0.5177664974619289, 0.6395939086294417, 0.5126903553299492, 0.5888324873096447
3716, 0.5279187817258884, 0.5888324873096447, 0.5431472081218274, 0.583756345177665, 0.6060606060606061, 0.5532994923857868, 0.5177664974619289, 0.6446700507614214, 0.5025380710659898, 0.6040609137055838
3185, 0.5126903553299492, 0.5939086294416244, 0.5228426395939086, 0.5888324873096447, 0.6262626262626263, 0.5634517766497462, 0.5279187817258884, 0.6395939086294417, 0.49238578680203043, 0.5939086294416244
2654, 0.5228426395939086, 0.5888324873096447, 0.5126903553299492, 0.583756345177665, 0.6262626262626263, 0.5685279187817259, 0.5329949238578681, 0.6192893401015228, 0.5025380710659898, 0.6294416243654822
2123, 0.5126903553299492, 0.5736040609137056, 0.49746192893401014, 0.5939086294416244, 0.6212121212121212, 0.5380710659898477, 0.5177664974619289, 0.6040609137055838, 0.4619289340101523, 0.583756345177665
1593, 0.5228426395939086, 0.5532994923857868, 0.4720812182741117, 0.5786802030456852, 0.6060606060606061, 0.5482233502538071, 0.5076142131979695, 0.5888324873096447, 0.45685279187817257, 0.5532994923857868
1062, 0.48223350253807107, 0.5279187817258884, 0.49746192893401014, 0.5177664974619289, 0.5404040404040404, 0.4873096446700508, 0.5076142131979695, 0.5431472081218274, 0.41624365482233505, 0.49746192893401014
531, 0.4010152284263959, 0.4517766497461929, 0.39086294416243655, 0.4416243654822335, 0.48484848484848486, 0.4263959390862944, 0.4416243654822335, 0.467005076142132, 0.3553299492385787, 0.39086294416243655
