24008, 0.44776119402985076, 0.4613466334164589, 0.43283582089552236, 0.4837905236907731, 0.4626865671641791, 0.46633416458852867, 0.4427860696517413, 0.45885286783042395, 0.472636815920398, 0.49625935162094764
22744, 0.4601990049751244, 0.4688279301745636, 0.43532338308457713, 0.4912718204488778, 0.4701492537313433, 0.47381546134663344, 0.4427860696517413, 0.46384039900249374, 0.48258706467661694, 0.5037406483790524
21481, 0.472636815920398, 0.4763092269326683, 0.43781094527363185, 0.4937655860349127, 0.46766169154228854, 0.47381546134663344, 0.44776119402985076, 0.46633416458852867, 0.48009950248756217, 0.5012468827930174
20217, 0.48507462686567165, 0.47880299251870323, 0.44527363184079605, 0.48877805486284287, 0.48009950248756217, 0.47381546134663344, 0.44527363184079605, 0.47880299251870323, 0.48756218905472637, 0.5012468827930174
18954, 0.49502487562189057, 0.5062344139650873, 0.44776119402985076, 0.48877805486284287, 0.48507462686567165, 0.4763092269326683, 0.4552238805970149, 0.4937655860349127, 0.48258706467661694, 0.516209476309227
17690, 0.5, 0.49625935162094764, 0.4527363184079602, 0.5012468827930174, 0.49502487562189057, 0.48877805486284287, 0.472636815920398, 0.5037406483790524, 0.48507462686567165, 0.5211970074812967
16427, 0.5, 0.49625935162094764, 0.4527363184079602, 0.5062344139650873, 0.48756218905472637, 0.47880299251870323, 0.472636815920398, 0.5012468827930174, 0.4900497512437811, 0.5261845386533666
15163, 0.5074626865671642, 0.5112219451371571, 0.4651741293532338, 0.5087281795511222, 0.4925373134328358, 0.486284289276808, 0.48507462686567165, 0.516209476309227, 0.5024875621890548, 0.513715710723192
13900, 0.5174129353233831, 0.516209476309227, 0.472636815920398, 0.5187032418952618, 0.5074626865671642, 0.48877805486284287, 0.5, 0.5087281795511222, 0.5124378109452736, 0.516209476309227
12636, 0.5149253731343284, 0.5187032418952618, 0.48258706467661694, 0.5187032418952618, 0.5074626865671642, 0.5087281795511222, 0.4975124378109453, 0.5236907730673317, 0.5074626865671642, 0.5211970074812967
11372, 0.5223880597014925, 0.516209476309227, 0.5049751243781094, 0.5311720698254364, 0.5199004975124378, 0.5087281795511222, 0.5024875621890548, 0.5211970074812967, 0.5174129353233831, 0.5112219451371571
10109, 0.527363184079602, 0.5187032418952618, 0.5124378109452736, 0.5461346633416458, 0.5348258706467661, 0.5112219451371571, 0.5049751243781094, 0.5236907730673317, 0.5174129353233831, 0.5211970074812967
8845, 0.5348258706467661, 0.49875311720698257, 0.5223880597014925, 0.5386533665835411, 0.5422885572139303, 0.5087281795511222, 0.4975124378109453, 0.5261845386533666, 0.5074626865671642, 0.5112219451371571
7582, 0.5199004975124378, 0.5037406483790524, 0.5199004975124378, 0.5386533665835411, 0.5373134328358209, 0.5087281795511222, 0.5024875621890548, 0.5062344139650873, 0.5199004975124378, 0.5087281795511222
6318, 0.5223880597014925, 0.5087281795511222, 0.5174129353233831, 0.5561097256857855, 0.5348258706467661, 0.5012468827930174, 0.4900497512437811, 0.516209476309227, 0.5074626865671642, 0.5087281795511222
5055, 0.5248756218905473, 0.5087281795511222, 0.49502487562189057, 0.5586034912718204, 0.5298507462686567, 0.5087281795511222, 0.4900497512437811, 0.513715710723192, 0.4925373134328358, 0.5112219451371571
3791, 0.5348258706467661, 0.5087281795511222, 0.48756218905472637, 0.543640897755611, 0.527363184079602, 0.5062344139650873, 0.4900497512437811, 0.49625935162094764, 0.4925373134328358, 0.5087281795511222
2528, 0.48507462686567165, 0.486284289276808, 0.48258706467661694, 0.5511221945137157, 0.4925373134328358, 0.4763092269326683, 0.4527363184079602, 0.46384039900249374, 0.48507462686567165, 0.5037406483790524
1264, 0.43532338308457713, 0.40399002493765584, 0.4527363184079602, 0.4912718204488778, 0.43532338308457713, 0.43640897755610975, 0.40298507462686567, 0.4239401496259352, 0.4527363184079602, 0.43640897755610975
