24008, 0.4502487562189055, 0.45885286783042395, 0.43034825870646765, 0.4912718204488778, 0.48009950248756217, 0.4688279301745636, 0.44527363184079605, 0.4713216957605985, 0.472636815920398, 0.5087281795511222
22744, 0.4626865671641791, 0.4613466334164589, 0.43283582089552236, 0.4912718204488778, 0.48507462686567165, 0.4688279301745636, 0.4502487562189055, 0.48129675810473815, 0.48756218905472637, 0.5087281795511222
21481, 0.4651741293532338, 0.47381546134663344, 0.43283582089552236, 0.49625935162094764, 0.47512437810945274, 0.4763092269326683, 0.4527363184079602, 0.48129675810473815, 0.48507462686567165, 0.513715710723192
20217, 0.4701492537313433, 0.4837905236907731, 0.44029850746268656, 0.5037406483790524, 0.48258706467661694, 0.48877805486284287, 0.4527363184079602, 0.48877805486284287, 0.5, 0.516209476309227
18954, 0.48258706467661694, 0.4912718204488778, 0.44776119402985076, 0.5087281795511222, 0.48258706467661694, 0.48877805486284287, 0.4651741293532338, 0.49875311720698257, 0.5049751243781094, 0.513715710723192
17690, 0.4975124378109453, 0.5087281795511222, 0.4626865671641791, 0.5112219451371571, 0.48258706467661694, 0.486284289276808, 0.4701492537313433, 0.5112219451371571, 0.5024875621890548, 0.5211970074812967
16427, 0.5, 0.513715710723192, 0.46766169154228854, 0.516209476309227, 0.4925373134328358, 0.48877805486284287, 0.48258706467661694, 0.5211970074812967, 0.5049751243781094, 0.5311720698254364
15163, 0.4975124378109453, 0.5112219451371571, 0.48009950248756217, 0.5211970074812967, 0.5, 0.49625935162094764, 0.48009950248756217, 0.5236907730673317, 0.5174129353233831, 0.5336658354114713
13900, 0.5149253731343284, 0.516209476309227, 0.4925373134328358, 0.5236907730673317, 0.5149253731343284, 0.49625935162094764, 0.4925373134328358, 0.5286783042394015, 0.527363184079602, 0.5386533665835411
12636, 0.5174129353233831, 0.5336658354114713, 0.5074626865671642, 0.5386533665835411, 0.5223880597014925, 0.49625935162094764, 0.5049751243781094, 0.5311720698254364, 0.5298507462686567, 0.5386533665835411
11372, 0.5223880597014925, 0.5261845386533666, 0.5174129353233831, 0.5361596009975063, 0.5223880597014925, 0.5037406483790524, 0.5049751243781094, 0.5311720698254364, 0.5248756218905473, 0.5361596009975063
10109, 0.5373134328358209, 0.5211970074812967, 0.5199004975124378, 0.5511221945137157, 0.5298507462686567, 0.513715710723192, 0.5074626865671642, 0.5286783042394015, 0.527363184079602, 0.5336658354114713
8845, 0.5348258706467661, 0.516209476309227, 0.5248756218905473, 0.5361596009975063, 0.5497512437810945, 0.5012468827930174, 0.5099502487562189, 0.516209476309227, 0.527363184079602, 0.5286783042394015
7582, 0.5497512437810945, 0.5087281795511222, 0.5323383084577115, 0.5461346633416458, 0.5472636815920398, 0.5062344139650873, 0.5124378109452736, 0.5187032418952618, 0.5199004975124378, 0.5361596009975063
6318, 0.5472636815920398, 0.513715710723192, 0.5298507462686567, 0.5486284289276808, 0.5472636815920398, 0.5062344139650873, 0.5074626865671642, 0.5286783042394015, 0.5223880597014925, 0.5112219451371571
5055, 0.5447761194029851, 0.513715710723192, 0.5149253731343284, 0.5486284289276808, 0.5472636815920398, 0.5062344139650873, 0.5049751243781094, 0.5211970074812967, 0.5099502487562189, 0.513715710723192
3791, 0.5472636815920398, 0.5211970074812967, 0.5149253731343284, 0.5386533665835411, 0.5298507462686567, 0.5037406483790524, 0.48756218905472637, 0.5112219451371571, 0.5174129353233831, 0.516209476309227
2528, 0.5199004975124378, 0.4937655860349127, 0.48756218905472637, 0.5486284289276808, 0.5124378109452736, 0.48129675810473815, 0.4552238805970149, 0.4688279301745636, 0.4925373134328358, 0.5062344139650873
1264, 0.44776119402985076, 0.4339152119700748, 0.4577114427860697, 0.4912718204488778, 0.4577114427860697, 0.4463840399002494, 0.4054726368159204, 0.42144638403990026, 0.4502487562189055, 0.44139650872817954
