24008, 0.44776119402985076, 0.46384039900249374, 0.43283582089552236, 0.4837905236907731, 0.4626865671641791, 0.4688279301745636, 0.4427860696517413, 0.4538653366583541, 0.472636815920398, 0.49625935162094764
22744, 0.4577114427860697, 0.4688279301745636, 0.43532338308457713, 0.4937655860349127, 0.4651741293532338, 0.47381546134663344, 0.44029850746268656, 0.4613466334164589, 0.48258706467661694, 0.5037406483790524
21481, 0.4701492537313433, 0.47381546134663344, 0.43532338308457713, 0.4937655860349127, 0.4651741293532338, 0.4763092269326683, 0.44527363184079605, 0.46384039900249374, 0.48258706467661694, 0.5037406483790524
20217, 0.48009950248756217, 0.47381546134663344, 0.44029850746268656, 0.48877805486284287, 0.47761194029850745, 0.4763092269326683, 0.4427860696517413, 0.4713216957605985, 0.4900497512437811, 0.5012468827930174
18954, 0.4900497512437811, 0.49875311720698257, 0.44527363184079605, 0.48877805486284287, 0.48507462686567165, 0.4713216957605985, 0.4502487562189055, 0.48877805486284287, 0.48258706467661694, 0.5037406483790524
17690, 0.5, 0.4912718204488778, 0.4552238805970149, 0.49875311720698257, 0.4975124378109453, 0.4837905236907731, 0.4601990049751244, 0.49625935162094764, 0.48258706467661694, 0.5187032418952618
16427, 0.5, 0.4937655860349127, 0.4527363184079602, 0.49625935162094764, 0.4900497512437811, 0.48129675810473815, 0.4701492537313433, 0.4912718204488778, 0.4900497512437811, 0.5112219451371571
15163, 0.5049751243781094, 0.49625935162094764, 0.4601990049751244, 0.486284289276808, 0.4925373134328358, 0.46384039900249374, 0.4701492537313433, 0.5087281795511222, 0.48507462686567165, 0.5062344139650873
13900, 0.5049751243781094, 0.4837905236907731, 0.46766169154228854, 0.48877805486284287, 0.5024875621890548, 0.46633416458852867, 0.47512437810945274, 0.49625935162094764, 0.48507462686567165, 0.5037406483790524
12636, 0.48507462686567165, 0.4763092269326683, 0.46766169154228854, 0.4837905236907731, 0.5099502487562189, 0.4613466334164589, 0.4651741293532338, 0.4837905236907731, 0.48009950248756217, 0.49625935162094764
11372, 0.48258706467661694, 0.47880299251870323, 0.47761194029850745, 0.4937655860349127, 0.5199004975124378, 0.4713216957605985, 0.48009950248756217, 0.4912718204488778, 0.472636815920398, 0.4937655860349127
10109, 0.48507462686567165, 0.486284289276808, 0.48009950248756217, 0.49625935162094764, 0.5223880597014925, 0.47880299251870323, 0.472636815920398, 0.49625935162094764, 0.47761194029850745, 0.5012468827930174
8845, 0.48507462686567165, 0.48877805486284287, 0.5, 0.5311720698254364, 0.5323383084577115, 0.4912718204488778, 0.47512437810945274, 0.49625935162094764, 0.5, 0.4937655860349127
7582, 0.5099502487562189, 0.48877805486284287, 0.5049751243781094, 0.5187032418952618, 0.5348258706467661, 0.49625935162094764, 0.48756218905472637, 0.5037406483790524, 0.5099502487562189, 0.49625935162094764
6318, 0.5099502487562189, 0.49875311720698257, 0.5074626865671642, 0.5236907730673317, 0.5497512437810945, 0.49875311720698257, 0.4925373134328358, 0.5087281795511222, 0.5124378109452736, 0.4912718204488778
5055, 0.5074626865671642, 0.49625935162094764, 0.4925373134328358, 0.5187032418952618, 0.5472636815920398, 0.49875311720698257, 0.48756218905472637, 0.4912718204488778, 0.5049751243781094, 0.49875311720698257
3791, 0.5024875621890548, 0.4912718204488778, 0.4701492537313433, 0.5261845386533666, 0.5248756218905473, 0.5112219451371571, 0.472636815920398, 0.45885286783042395, 0.5, 0.49875311720698257
2528, 0.4900497512437811, 0.456359102244389, 0.48009950248756217, 0.5211970074812967, 0.4900497512437811, 0.4713216957605985, 0.4577114427860697, 0.44139650872817954, 0.47512437810945274, 0.46633416458852867
1264, 0.4253731343283582, 0.38154613466334164, 0.39552238805970147, 0.4513715710723192, 0.39303482587064675, 0.3790523690773067, 0.373134328358209, 0.3740648379052369, 0.42786069651741293, 0.3915211970074813
