24008, 0.44776119402985076, 0.4688279301745636, 0.43532338308457713, 0.4912718204488778, 0.46766169154228854, 0.4713216957605985, 0.4502487562189055, 0.4613466334164589, 0.47512437810945274, 0.5062344139650873
22744, 0.4601990049751244, 0.4688279301745636, 0.43283582089552236, 0.5037406483790524, 0.4701492537313433, 0.4688279301745636, 0.4427860696517413, 0.46384039900249374, 0.47761194029850745, 0.5062344139650873
21481, 0.46766169154228854, 0.4688279301745636, 0.43781094527363185, 0.5062344139650873, 0.48258706467661694, 0.47381546134663344, 0.4502487562189055, 0.4763092269326683, 0.48258706467661694, 0.49875311720698257
20217, 0.47512437810945274, 0.46384039900249374, 0.43781094527363185, 0.5037406483790524, 0.48507462686567165, 0.4713216957605985, 0.44527363184079605, 0.48129675810473815, 0.48756218905472637, 0.5012468827930174
18954, 0.47761194029850745, 0.47880299251870323, 0.4427860696517413, 0.5037406483790524, 0.48507462686567165, 0.46384039900249374, 0.44776119402985076, 0.47880299251870323, 0.4975124378109453, 0.5062344139650873
17690, 0.49502487562189057, 0.4937655860349127, 0.44527363184079605, 0.5012468827930174, 0.4925373134328358, 0.46633416458852867, 0.4502487562189055, 0.49875311720698257, 0.4975124378109453, 0.5087281795511222
16427, 0.49502487562189057, 0.5012468827930174, 0.4502487562189055, 0.513715710723192, 0.48756218905472637, 0.4763092269326683, 0.4601990049751244, 0.5012468827930174, 0.4900497512437811, 0.513715710723192
15163, 0.5074626865671642, 0.5112219451371571, 0.4577114427860697, 0.5062344139650873, 0.4975124378109453, 0.4912718204488778, 0.48009950248756217, 0.5112219451371571, 0.5049751243781094, 0.513715710723192
13900, 0.5099502487562189, 0.516209476309227, 0.47512437810945274, 0.516209476309227, 0.5024875621890548, 0.4937655860349127, 0.4925373134328358, 0.5286783042394015, 0.5124378109452736, 0.513715710723192
12636, 0.5174129353233831, 0.516209476309227, 0.49502487562189057, 0.5187032418952618, 0.5099502487562189, 0.5012468827930174, 0.4925373134328358, 0.5187032418952618, 0.5223880597014925, 0.5211970074812967
11372, 0.5174129353233831, 0.5087281795511222, 0.49502487562189057, 0.5261845386533666, 0.5223880597014925, 0.513715710723192, 0.4900497512437811, 0.5236907730673317, 0.527363184079602, 0.5187032418952618
10109, 0.5348258706467661, 0.5112219451371571, 0.5024875621890548, 0.5411471321695761, 0.527363184079602, 0.5087281795511222, 0.4900497512437811, 0.516209476309227, 0.5199004975124378, 0.5236907730673317
8845, 0.5348258706467661, 0.5087281795511222, 0.5124378109452736, 0.5486284289276808, 0.5472636815920398, 0.5062344139650873, 0.49502487562189057, 0.513715710723192, 0.5174129353233831, 0.5236907730673317
7582, 0.5298507462686567, 0.49875311720698257, 0.5199004975124378, 0.543640897755611, 0.5472636815920398, 0.5087281795511222, 0.48258706467661694, 0.513715710723192, 0.5223880597014925, 0.5087281795511222
6318, 0.5223880597014925, 0.5062344139650873, 0.5099502487562189, 0.5461346633416458, 0.5447761194029851, 0.5062344139650873, 0.47761194029850745, 0.5187032418952618, 0.4925373134328358, 0.5112219451371571
5055, 0.5199004975124378, 0.516209476309227, 0.4925373134328358, 0.5511221945137157, 0.5497512437810945, 0.4763092269326683, 0.47512437810945274, 0.5062344139650873, 0.4900497512437811, 0.513715710723192
3791, 0.5248756218905473, 0.5211970074812967, 0.47761194029850745, 0.5187032418952618, 0.5074626865671642, 0.4937655860349127, 0.4577114427860697, 0.48129675810473815, 0.47512437810945274, 0.513715710723192
2528, 0.5, 0.4937655860349127, 0.472636815920398, 0.5187032418952618, 0.47512437810945274, 0.45885286783042395, 0.43532338308457713, 0.44389027431421446, 0.472636815920398, 0.47381546134663344
1264, 0.43034825870646765, 0.4114713216957606, 0.40298507462686567, 0.4339152119700748, 0.4079601990049751, 0.3915211970074813, 0.3880597014925373, 0.3790523690773067, 0.44527363184079605, 0.4164588528678304
