22346, 0.6808035714285714, 0.6308724832214765, 0.6450892857142857, 0.6473214285714286, 0.65625, 0.6442953020134228, 0.6473214285714286, 0.6294642857142857, 0.7002237136465325, 0.6540178571428571
21170, 0.6785714285714286, 0.6331096196868009, 0.6473214285714286, 0.6495535714285714, 0.65625, 0.6442953020134228, 0.6473214285714286, 0.6316964285714286, 0.7002237136465325, 0.6517857142857143
19994, 0.6808035714285714, 0.6308724832214765, 0.6473214285714286, 0.6450892857142857, 0.65625, 0.6420581655480985, 0.6607142857142857, 0.6361607142857143, 0.7024608501118568, 0.6584821428571429
18818, 0.6875, 0.6375838926174496, 0.6473214285714286, 0.65625, 0.6629464285714286, 0.6465324384787472, 0.6674107142857143, 0.6428571428571429, 0.7069351230425056, 0.6674107142857143
17642, 0.6964285714285714, 0.6420581655480985, 0.6517857142857143, 0.65625, 0.6674107142857143, 0.6465324384787472, 0.6674107142857143, 0.6450892857142857, 0.7136465324384788, 0.6696428571428571
16466, 0.6964285714285714, 0.639821029082774, 0.6495535714285714, 0.6584821428571429, 0.6584821428571429, 0.6577181208053692, 0.6674107142857143, 0.6495535714285714, 0.7225950782997763, 0.6741071428571429
15290, 0.703125, 0.6465324384787472, 0.6517857142857143, 0.6584821428571429, 0.6607142857142857, 0.6599552572706935, 0.6696428571428571, 0.6473214285714286, 0.7225950782997763, 0.6785714285714286
14114, 0.7075892857142857, 0.6554809843400448, 0.6517857142857143, 0.6584821428571429, 0.6540178571428571, 0.668903803131991, 0.6696428571428571, 0.6473214285714286, 0.7203579418344519, 0.6785714285714286
12938, 0.7098214285714286, 0.6599552572706935, 0.6473214285714286, 0.6540178571428571, 0.6495535714285714, 0.668903803131991, 0.6696428571428571, 0.6473214285714286, 0.7225950782997763, 0.6741071428571429
11761, 0.7098214285714286, 0.6532438478747203, 0.65625, 0.6517857142857143, 0.6495535714285714, 0.668903803131991, 0.6674107142857143, 0.6473214285714286, 0.7248322147651006, 0.6763392857142857
10585, 0.7098214285714286, 0.6532438478747203, 0.6584821428571429, 0.6450892857142857, 0.6540178571428571, 0.6621923937360179, 0.6584821428571429, 0.6473214285714286, 0.7248322147651006, 0.6785714285714286
9409, 0.7075892857142857, 0.6442953020134228, 0.6607142857142857, 0.6473214285714286, 0.6540178571428571, 0.6599552572706935, 0.6473214285714286, 0.6450892857142857, 0.7181208053691275, 0.671875
8233, 0.703125, 0.6420581655480985, 0.6540178571428571, 0.6450892857142857, 0.6540178571428571, 0.6577181208053692, 0.6473214285714286, 0.6495535714285714, 0.7158836689038032, 0.6674107142857143
7057, 0.6785714285714286, 0.6331096196868009, 0.6540178571428571, 0.6428571428571429, 0.6607142857142857, 0.6510067114093959, 0.6428571428571429, 0.6361607142857143, 0.6890380313199105, 0.6629464285714286
5881, 0.6919642857142857, 0.6308724832214765, 0.640625, 0.6383928571428571, 0.6428571428571429, 0.6420581655480985, 0.6495535714285714, 0.6294642857142857, 0.6823266219239373, 0.6629464285714286
4705, 0.6741071428571429, 0.6196868008948546, 0.625, 0.6316964285714286, 0.640625, 0.6420581655480985, 0.6450892857142857, 0.640625, 0.6756152125279642, 0.6540178571428571
3529, 0.65625, 0.5973154362416108, 0.5848214285714286, 0.6049107142857143, 0.6205357142857143, 0.6353467561521253, 0.6160714285714286, 0.6160714285714286, 0.6510067114093959, 0.6428571428571429
2353, 0.6205357142857143, 0.5883668903803132, 0.5669642857142857, 0.5982142857142857, 0.5915178571428571, 0.5906040268456376, 0.5959821428571429, 0.6026785714285714, 0.6375838926174496, 0.6049107142857143
1177, 0.5178571428571429, 0.5324384787472036, 0.5, 0.5580357142857143, 0.5401785714285714, 0.5324384787472036, 0.5245535714285714, 0.5535714285714286, 0.5749440715883669, 0.5223214285714286
