22346, 0.6808035714285714, 0.6308724832214765, 0.6450892857142857, 0.6473214285714286, 0.65625, 0.6442953020134228, 0.6473214285714286, 0.6294642857142857, 0.7002237136465325, 0.6540178571428571
21170, 0.6785714285714286, 0.6331096196868009, 0.6473214285714286, 0.6473214285714286, 0.6584821428571429, 0.6442953020134228, 0.6473214285714286, 0.6316964285714286, 0.7002237136465325, 0.6517857142857143
19994, 0.6808035714285714, 0.6308724832214765, 0.6473214285714286, 0.6450892857142857, 0.6607142857142857, 0.6442953020134228, 0.6651785714285714, 0.6361607142857143, 0.7024608501118568, 0.6584821428571429
18818, 0.6875, 0.6375838926174496, 0.6473214285714286, 0.6517857142857143, 0.6629464285714286, 0.6465324384787472, 0.6674107142857143, 0.6450892857142857, 0.70917225950783, 0.6629464285714286
17642, 0.6964285714285714, 0.6331096196868009, 0.6517857142857143, 0.65625, 0.6696428571428571, 0.6487695749440716, 0.6651785714285714, 0.6428571428571429, 0.7203579418344519, 0.6674107142857143
16466, 0.6986607142857143, 0.6353467561521253, 0.6517857142857143, 0.6584821428571429, 0.6629464285714286, 0.6577181208053692, 0.671875, 0.6473214285714286, 0.7225950782997763, 0.6741071428571429
15290, 0.7053571428571429, 0.6420581655480985, 0.6517857142857143, 0.6584821428571429, 0.6540178571428571, 0.6577181208053692, 0.671875, 0.6495535714285714, 0.727069351230425, 0.671875
14114, 0.7075892857142857, 0.6510067114093959, 0.6495535714285714, 0.65625, 0.6450892857142857, 0.6621923937360179, 0.6696428571428571, 0.6495535714285714, 0.7248322147651006, 0.6763392857142857
12938, 0.7098214285714286, 0.6532438478747203, 0.6495535714285714, 0.6540178571428571, 0.6495535714285714, 0.6666666666666666, 0.6696428571428571, 0.6450892857142857, 0.7248322147651006, 0.671875
11761, 0.7120535714285714, 0.6532438478747203, 0.65625, 0.6517857142857143, 0.6517857142857143, 0.6666666666666666, 0.6674107142857143, 0.6495535714285714, 0.7248322147651006, 0.6763392857142857
10585, 0.7120535714285714, 0.6554809843400448, 0.6651785714285714, 0.6473214285714286, 0.6517857142857143, 0.6666666666666666, 0.6584821428571429, 0.6473214285714286, 0.7248322147651006, 0.6830357142857143
9409, 0.7075892857142857, 0.6465324384787472, 0.65625, 0.6450892857142857, 0.6607142857142857, 0.6644295302013423, 0.6517857142857143, 0.6428571428571429, 0.7225950782997763, 0.6741071428571429
8233, 0.7053571428571429, 0.6465324384787472, 0.6473214285714286, 0.6428571428571429, 0.65625, 0.6644295302013423, 0.6428571428571429, 0.6428571428571429, 0.7203579418344519, 0.6674107142857143
7057, 0.703125, 0.6442953020134228, 0.640625, 0.6473214285714286, 0.65625, 0.6711409395973155, 0.6383928571428571, 0.6428571428571429, 0.7046979865771812, 0.6651785714285714
5881, 0.6964285714285714, 0.6465324384787472, 0.6361607142857143, 0.6517857142857143, 0.6517857142857143, 0.6599552572706935, 0.6495535714285714, 0.6540178571428571, 0.697986577181208, 0.671875
4705, 0.6897321428571429, 0.6331096196868009, 0.6294642857142857, 0.6316964285714286, 0.6383928571428571, 0.6487695749440716, 0.6450892857142857, 0.6294642857142857, 0.6778523489932886, 0.6651785714285714
3529, 0.6629464285714286, 0.610738255033557, 0.609375, 0.6160714285714286, 0.6227678571428571, 0.6331096196868009, 0.6316964285714286, 0.6183035714285714, 0.6644295302013423, 0.6651785714285714
2353, 0.6473214285714286, 0.6085011185682326, 0.5803571428571429, 0.5982142857142857, 0.6183035714285714, 0.610738255033557, 0.625, 0.6116071428571429, 0.6487695749440716, 0.6272321428571429
1177, 0.5758928571428571, 0.5637583892617449, 0.5357142857142857, 0.5736607142857143, 0.5602678571428571, 0.5458612975391499, 0.5602678571428571, 0.5870535714285714, 0.5928411633109619, 0.5669642857142857
