22346, 0.6808035714285714, 0.6308724832214765, 0.6450892857142857, 0.6473214285714286, 0.65625, 0.6442953020134228, 0.6473214285714286, 0.6294642857142857, 0.7002237136465325, 0.6540178571428571
21170, 0.6785714285714286, 0.6331096196868009, 0.6473214285714286, 0.6473214285714286, 0.6584821428571429, 0.6442953020134228, 0.6495535714285714, 0.6316964285714286, 0.7002237136465325, 0.6517857142857143
19994, 0.6808035714285714, 0.6353467561521253, 0.6473214285714286, 0.6495535714285714, 0.6584821428571429, 0.6442953020134228, 0.6629464285714286, 0.640625, 0.7024608501118568, 0.65625
18818, 0.6919642857142857, 0.6420581655480985, 0.6517857142857143, 0.6540178571428571, 0.6629464285714286, 0.6487695749440716, 0.6674107142857143, 0.6473214285714286, 0.70917225950783, 0.6607142857142857
17642, 0.6964285714285714, 0.6331096196868009, 0.6517857142857143, 0.65625, 0.6607142857142857, 0.6554809843400448, 0.6674107142857143, 0.6450892857142857, 0.727069351230425, 0.6651785714285714
16466, 0.703125, 0.6375838926174496, 0.65625, 0.6629464285714286, 0.65625, 0.6621923937360179, 0.6629464285714286, 0.6473214285714286, 0.7248322147651006, 0.6696428571428571
15290, 0.7075892857142857, 0.6532438478747203, 0.6584821428571429, 0.65625, 0.6517857142857143, 0.6666666666666666, 0.6651785714285714, 0.6473214285714286, 0.727069351230425, 0.6741071428571429
14114, 0.7098214285714286, 0.6532438478747203, 0.65625, 0.6540178571428571, 0.6517857142857143, 0.6666666666666666, 0.6696428571428571, 0.65625, 0.727069351230425, 0.6785714285714286
12938, 0.7098214285714286, 0.6554809843400448, 0.6540178571428571, 0.6584821428571429, 0.65625, 0.6733780760626398, 0.6741071428571429, 0.65625, 0.7293064876957495, 0.6741071428571429
11761, 0.7165178571428571, 0.6554809843400448, 0.6584821428571429, 0.6540178571428571, 0.65625, 0.6778523489932886, 0.6696428571428571, 0.65625, 0.727069351230425, 0.6830357142857143
10585, 0.7209821428571429, 0.6599552572706935, 0.6607142857142857, 0.6473214285714286, 0.6629464285714286, 0.6756152125279642, 0.6674107142857143, 0.6540178571428571, 0.7248322147651006, 0.6830357142857143
9409, 0.7165178571428571, 0.6510067114093959, 0.6607142857142857, 0.6428571428571429, 0.6741071428571429, 0.6778523489932886, 0.6696428571428571, 0.6607142857142857, 0.7315436241610739, 0.6852678571428571
8233, 0.7165178571428571, 0.6577181208053692, 0.6607142857142857, 0.6517857142857143, 0.6741071428571429, 0.6778523489932886, 0.6629464285714286, 0.6584821428571429, 0.7315436241610739, 0.6897321428571429
7057, 0.7209821428571429, 0.6577181208053692, 0.6607142857142857, 0.6540178571428571, 0.671875, 0.6733780760626398, 0.6651785714285714, 0.6629464285714286, 0.727069351230425, 0.6897321428571429
5881, 0.7232142857142857, 0.6532438478747203, 0.6651785714285714, 0.6540178571428571, 0.6696428571428571, 0.680089485458613, 0.6629464285714286, 0.6674107142857143, 0.727069351230425, 0.6986607142857143
4705, 0.7209821428571429, 0.6554809843400448, 0.6495535714285714, 0.6629464285714286, 0.671875, 0.6644295302013423, 0.6607142857142857, 0.6607142857142857, 0.7360178970917226, 0.6852678571428571
3529, 0.7142857142857143, 0.6420581655480985, 0.6428571428571429, 0.6540178571428571, 0.671875, 0.6554809843400448, 0.6540178571428571, 0.6495535714285714, 0.727069351230425, 0.6919642857142857
2353, 0.6964285714285714, 0.6129753914988815, 0.6183035714285714, 0.6473214285714286, 0.6540178571428571, 0.6353467561521253, 0.6517857142857143, 0.6294642857142857, 0.697986577181208, 0.6629464285714286
1177, 0.6495535714285714, 0.5906040268456376, 0.6116071428571429, 0.6160714285714286, 0.6205357142857143, 0.6062639821029083, 0.6272321428571429, 0.6116071428571429, 0.6554809843400448, 0.640625
