22346, 0.6808035714285714, 0.6241610738255033, 0.640625, 0.6450892857142857, 0.6584821428571429, 0.6465324384787472, 0.6473214285714286, 0.625, 0.7024608501118568, 0.6517857142857143
21170, 0.6763392857142857, 0.6263982102908278, 0.6361607142857143, 0.6383928571428571, 0.65625, 0.6420581655480985, 0.6540178571428571, 0.625, 0.6845637583892618, 0.640625
19994, 0.6830357142857143, 0.6286353467561522, 0.6316964285714286, 0.6383928571428571, 0.6584821428571429, 0.6308724832214765, 0.6584821428571429, 0.625, 0.6935123042505593, 0.640625
18818, 0.6830357142857143, 0.6286353467561522, 0.6316964285714286, 0.6339285714285714, 0.6584821428571429, 0.6375838926174496, 0.6607142857142857, 0.6316964285714286, 0.697986577181208, 0.6473214285714286
17642, 0.6830357142857143, 0.6286353467561522, 0.6361607142857143, 0.6383928571428571, 0.6540178571428571, 0.639821029082774, 0.6607142857142857, 0.6316964285714286, 0.697986577181208, 0.6473214285714286
16466, 0.6785714285714286, 0.6196868008948546, 0.6316964285714286, 0.6361607142857143, 0.65625, 0.6353467561521253, 0.6629464285714286, 0.6294642857142857, 0.7046979865771812, 0.6584821428571429
15290, 0.6852678571428571, 0.6196868008948546, 0.6361607142857143, 0.6383928571428571, 0.6540178571428571, 0.6420581655480985, 0.6584821428571429, 0.625, 0.7158836689038032, 0.6607142857142857
14114, 0.6919642857142857, 0.6241610738255033, 0.6361607142857143, 0.6361607142857143, 0.6495535714285714, 0.6353467561521253, 0.6607142857142857, 0.625, 0.7136465324384788, 0.6495535714285714
12938, 0.6875, 0.6219239373601789, 0.6339285714285714, 0.6361607142857143, 0.6517857142857143, 0.6353467561521253, 0.6607142857142857, 0.6294642857142857, 0.7002237136465325, 0.6495535714285714
11761, 0.6919642857142857, 0.6196868008948546, 0.6383928571428571, 0.6294642857142857, 0.6450892857142857, 0.6442953020134228, 0.6540178571428571, 0.625, 0.7002237136465325, 0.6607142857142857
10585, 0.6875, 0.6152125279642058, 0.6316964285714286, 0.6272321428571429, 0.6517857142857143, 0.6420581655480985, 0.6495535714285714, 0.6339285714285714, 0.7002237136465325, 0.6651785714285714
9409, 0.6919642857142857, 0.6129753914988815, 0.6294642857142857, 0.6294642857142857, 0.6540178571428571, 0.6465324384787472, 0.6517857142857143, 0.6294642857142857, 0.7024608501118568, 0.6651785714285714
8233, 0.6919642857142857, 0.6174496644295302, 0.6361607142857143, 0.6316964285714286, 0.6517857142857143, 0.6465324384787472, 0.6450892857142857, 0.6361607142857143, 0.697986577181208, 0.6584821428571429
7057, 0.7142857142857143, 0.6241610738255033, 0.640625, 0.6361607142857143, 0.6495535714285714, 0.6510067114093959, 0.6495535714285714, 0.6294642857142857, 0.7024608501118568, 0.6584821428571429
5881, 0.6919642857142857, 0.6286353467561522, 0.6294642857142857, 0.6116071428571429, 0.6361607142857143, 0.6219239373601789, 0.6540178571428571, 0.6071428571428571, 0.6868008948545862, 0.6495535714285714
4705, 0.6852678571428571, 0.6196868008948546, 0.6205357142857143, 0.6116071428571429, 0.6361607142857143, 0.6308724832214765, 0.6473214285714286, 0.6227678571428571, 0.6890380313199105, 0.6450892857142857
3529, 0.6674107142857143, 0.610738255033557, 0.6049107142857143, 0.5915178571428571, 0.6316964285714286, 0.6174496644295302, 0.6316964285714286, 0.5982142857142857, 0.6778523489932886, 0.6428571428571429
2353, 0.625, 0.5906040268456376, 0.5848214285714286, 0.5736607142857143, 0.6205357142857143, 0.5973154362416108, 0.59375, 0.59375, 0.6308724832214765, 0.6071428571428571
1177, 0.5625, 0.5369127516778524, 0.5334821428571429, 0.5357142857142857, 0.5178571428571429, 0.5369127516778524, 0.5446428571428571, 0.5491071428571429, 0.5615212527964206, 0.5691964285714286
