22346, 0.7098214285714286, 0.6420581655480985, 0.6674107142857143, 0.6428571428571429, 0.6696428571428571, 0.6823266219239373, 0.6607142857142857, 0.6473214285714286, 0.7158836689038032, 0.6741071428571429
21170, 0.7098214285714286, 0.6420581655480985, 0.6674107142857143, 0.6450892857142857, 0.6651785714285714, 0.6868008948545862, 0.6629464285714286, 0.65625, 0.7203579418344519, 0.6763392857142857
19994, 0.7120535714285714, 0.6442953020134228, 0.6674107142857143, 0.6473214285714286, 0.671875, 0.6845637583892618, 0.6696428571428571, 0.6584821428571429, 0.7203579418344519, 0.6763392857142857
18818, 0.7098214285714286, 0.6465324384787472, 0.6741071428571429, 0.6540178571428571, 0.6741071428571429, 0.6912751677852349, 0.6763392857142857, 0.6607142857142857, 0.7293064876957495, 0.671875
17642, 0.7098214285714286, 0.6420581655480985, 0.6741071428571429, 0.6607142857142857, 0.671875, 0.6890380313199105, 0.6696428571428571, 0.6607142857142857, 0.7315436241610739, 0.6852678571428571
16466, 0.7098214285714286, 0.6487695749440716, 0.6741071428571429, 0.6607142857142857, 0.6741071428571429, 0.6935123042505593, 0.671875, 0.6629464285714286, 0.727069351230425, 0.6830357142857143
15290, 0.7098214285714286, 0.6510067114093959, 0.6785714285714286, 0.6629464285714286, 0.6741071428571429, 0.6935123042505593, 0.6785714285714286, 0.6651785714285714, 0.7293064876957495, 0.6852678571428571
14114, 0.7142857142857143, 0.6510067114093959, 0.6852678571428571, 0.6651785714285714, 0.671875, 0.697986577181208, 0.6763392857142857, 0.6651785714285714, 0.7337807606263982, 0.6875
12938, 0.7165178571428571, 0.6487695749440716, 0.6852678571428571, 0.6674107142857143, 0.6741071428571429, 0.697986577181208, 0.6785714285714286, 0.6629464285714286, 0.738255033557047, 0.6875
11761, 0.7165178571428571, 0.6510067114093959, 0.6897321428571429, 0.6651785714285714, 0.6741071428571429, 0.6957494407158836, 0.6808035714285714, 0.6696428571428571, 0.7427293064876958, 0.6919642857142857
10585, 0.7165178571428571, 0.6621923937360179, 0.6919642857142857, 0.6607142857142857, 0.6674107142857143, 0.6957494407158836, 0.6763392857142857, 0.6607142857142857, 0.7427293064876958, 0.6964285714285714
9409, 0.7209821428571429, 0.6599552572706935, 0.6964285714285714, 0.6651785714285714, 0.6696428571428571, 0.6957494407158836, 0.6763392857142857, 0.6584821428571429, 0.7494407158836689, 0.7008928571428571
8233, 0.7232142857142857, 0.6532438478747203, 0.6852678571428571, 0.6651785714285714, 0.6607142857142857, 0.697986577181208, 0.6808035714285714, 0.6629464285714286, 0.756152125279642, 0.6941964285714286
7057, 0.7321428571428571, 0.6554809843400448, 0.6808035714285714, 0.6629464285714286, 0.65625, 0.6912751677852349, 0.6830357142857143, 0.6584821428571429, 0.7516778523489933, 0.6941964285714286
5881, 0.7366071428571429, 0.6510067114093959, 0.6808035714285714, 0.6651785714285714, 0.6540178571428571, 0.6912751677852349, 0.6763392857142857, 0.65625, 0.756152125279642, 0.7075892857142857
4705, 0.7232142857142857, 0.6532438478747203, 0.6808035714285714, 0.6741071428571429, 0.6607142857142857, 0.6756152125279642, 0.6808035714285714, 0.6540178571428571, 0.756152125279642, 0.7008928571428571
3529, 0.7053571428571429, 0.6532438478747203, 0.671875, 0.6830357142857143, 0.6763392857142857, 0.6733780760626398, 0.6785714285714286, 0.6629464285714286, 0.7516778523489933, 0.6919642857142857
2353, 0.6964285714285714, 0.639821029082774, 0.6316964285714286, 0.6540178571428571, 0.6629464285714286, 0.6577181208053692, 0.6763392857142857, 0.6450892857142857, 0.7225950782997763, 0.6674107142857143
1177, 0.6517857142857143, 0.6263982102908278, 0.6138392857142857, 0.625, 0.6227678571428571, 0.6129753914988815, 0.6361607142857143, 0.6049107142857143, 0.6845637583892618, 0.625
