24008, 0.5621890547263682, 0.5610972568578554, 0.5447761194029851, 0.57356608478803, 0.572139303482587, 0.5561097256857855, 0.527363184079602, 0.5660847880299252, 0.5696517412935324, 0.5586034912718204
22744, 0.5746268656716418, 0.5660847880299252, 0.5398009950248757, 0.5810473815461347, 0.5746268656716418, 0.5511221945137157, 0.5199004975124378, 0.5610972568578554, 0.5597014925373134, 0.5511221945137157
21481, 0.5746268656716418, 0.571072319201995, 0.5522388059701493, 0.5810473815461347, 0.5746268656716418, 0.5411471321695761, 0.5248756218905473, 0.5586034912718204, 0.554726368159204, 0.5486284289276808
20217, 0.5771144278606966, 0.571072319201995, 0.554726368159204, 0.5835411471321695, 0.572139303482587, 0.543640897755611, 0.5298507462686567, 0.5536159600997507, 0.5572139303482587, 0.5461346633416458
18954, 0.5746268656716418, 0.57356608478803, 0.5572139303482587, 0.5760598503740648, 0.5796019900497512, 0.5361596009975063, 0.5298507462686567, 0.5561097256857855, 0.5646766169154229, 0.5561097256857855
17690, 0.582089552238806, 0.57356608478803, 0.5522388059701493, 0.5810473815461347, 0.5895522388059702, 0.5386533665835411, 0.527363184079602, 0.5586034912718204, 0.5746268656716418, 0.5561097256857855
16427, 0.5771144278606966, 0.5685785536159601, 0.554726368159204, 0.5785536159600998, 0.5845771144278606, 0.5411471321695761, 0.5398009950248757, 0.5610972568578554, 0.5746268656716418, 0.5536159600997507
15163, 0.5771144278606966, 0.5660847880299252, 0.5522388059701493, 0.5910224438902744, 0.5870646766169154, 0.5486284289276808, 0.5522388059701493, 0.5610972568578554, 0.5646766169154229, 0.5511221945137157
13900, 0.5870646766169154, 0.5660847880299252, 0.5447761194029851, 0.5960099750623441, 0.5945273631840796, 0.5461346633416458, 0.5522388059701493, 0.5660847880299252, 0.572139303482587, 0.5536159600997507
12636, 0.5845771144278606, 0.5610972568578554, 0.5422885572139303, 0.5910224438902744, 0.599502487562189, 0.5561097256857855, 0.5597014925373134, 0.5635910224438903, 0.5646766169154229, 0.5610972568578554
11372, 0.582089552238806, 0.5586034912718204, 0.5497512437810945, 0.5785536159600998, 0.5945273631840796, 0.5511221945137157, 0.5522388059701493, 0.5610972568578554, 0.5572139303482587, 0.5586034912718204
10109, 0.5796019900497512, 0.5511221945137157, 0.554726368159204, 0.5810473815461347, 0.5870646766169154, 0.5361596009975063, 0.5497512437810945, 0.5511221945137157, 0.5522388059701493, 0.5635910224438903
8845, 0.5845771144278606, 0.5511221945137157, 0.5398009950248757, 0.5810473815461347, 0.5845771144278606, 0.5461346633416458, 0.5497512437810945, 0.543640897755611, 0.5472636815920398, 0.5660847880299252
7582, 0.5696517412935324, 0.5286783042394015, 0.5472636815920398, 0.5910224438902744, 0.5870646766169154, 0.5336658354114713, 0.5522388059701493, 0.543640897755611, 0.5447761194029851, 0.5610972568578554
6318, 0.5597014925373134, 0.5361596009975063, 0.554726368159204, 0.5760598503740648, 0.5845771144278606, 0.5361596009975063, 0.5323383084577115, 0.5461346633416458, 0.5398009950248757, 0.5610972568578554
5055, 0.572139303482587, 0.5286783042394015, 0.5223880597014925, 0.5785536159600998, 0.5621890547263682, 0.5261845386533666, 0.5174129353233831, 0.5286783042394015, 0.527363184079602, 0.5486284289276808
3791, 0.5398009950248757, 0.5112219451371571, 0.4975124378109453, 0.5561097256857855, 0.5323383084577115, 0.49875311720698257, 0.49502487562189057, 0.5062344139650873, 0.5149253731343284, 0.543640897755611
2528, 0.49502487562189057, 0.49875311720698257, 0.48507462686567165, 0.5536159600997507, 0.5, 0.4763092269326683, 0.4601990049751244, 0.4713216957605985, 0.48258706467661694, 0.5112219451371571
1264, 0.4701492537313433, 0.4239401496259352, 0.4527363184079602, 0.49875311720698257, 0.4502487562189055, 0.41895261845386533, 0.4154228855721393, 0.42643391521197005, 0.472636815920398, 0.44389027431421446
