24008, 0.5621890547263682, 0.5586034912718204, 0.5447761194029851, 0.5760598503740648, 0.5696517412935324, 0.5561097256857855, 0.527363184079602, 0.5660847880299252, 0.5696517412935324, 0.5561097256857855
22744, 0.5746268656716418, 0.5660847880299252, 0.5472636815920398, 0.5785536159600998, 0.5771144278606966, 0.5486284289276808, 0.5223880597014925, 0.5610972568578554, 0.5671641791044776, 0.5511221945137157
21481, 0.5771144278606966, 0.5610972568578554, 0.5447761194029851, 0.5910224438902744, 0.5845771144278606, 0.5536159600997507, 0.527363184079602, 0.5561097256857855, 0.5696517412935324, 0.543640897755611
20217, 0.5895522388059702, 0.5635910224438903, 0.5522388059701493, 0.5810473815461347, 0.5746268656716418, 0.543640897755611, 0.5298507462686567, 0.5586034912718204, 0.5671641791044776, 0.543640897755611
18954, 0.5845771144278606, 0.571072319201995, 0.5522388059701493, 0.5835411471321695, 0.5746268656716418, 0.543640897755611, 0.5422885572139303, 0.5511221945137157, 0.5646766169154229, 0.543640897755611
17690, 0.5796019900497512, 0.5660847880299252, 0.5447761194029851, 0.5785536159600998, 0.582089552238806, 0.5336658354114713, 0.527363184079602, 0.5610972568578554, 0.5696517412935324, 0.5411471321695761
16427, 0.582089552238806, 0.5586034912718204, 0.5422885572139303, 0.5785536159600998, 0.5895522388059702, 0.5386533665835411, 0.5298507462686567, 0.5610972568578554, 0.572139303482587, 0.5486284289276808
15163, 0.5746268656716418, 0.5586034912718204, 0.5447761194029851, 0.57356608478803, 0.5870646766169154, 0.5461346633416458, 0.5373134328358209, 0.5586034912718204, 0.572139303482587, 0.543640897755611
13900, 0.582089552238806, 0.5635910224438903, 0.5447761194029851, 0.5885286783042394, 0.5845771144278606, 0.5536159600997507, 0.5472636815920398, 0.5660847880299252, 0.5696517412935324, 0.5511221945137157
12636, 0.5845771144278606, 0.5461346633416458, 0.5398009950248757, 0.5885286783042394, 0.5796019900497512, 0.543640897755611, 0.5447761194029851, 0.5586034912718204, 0.554726368159204, 0.5586034912718204
11372, 0.5895522388059702, 0.543640897755611, 0.5447761194029851, 0.5910224438902744, 0.5895522388059702, 0.5461346633416458, 0.5398009950248757, 0.5461346633416458, 0.5497512437810945, 0.5561097256857855
10109, 0.5845771144278606, 0.5311720698254364, 0.5447761194029851, 0.5860349127182045, 0.5845771144278606, 0.5361596009975063, 0.5447761194029851, 0.5461346633416458, 0.5422885572139303, 0.5610972568578554
8845, 0.5845771144278606, 0.5336658354114713, 0.5373134328358209, 0.5860349127182045, 0.5771144278606966, 0.5361596009975063, 0.5348258706467661, 0.5511221945137157, 0.5348258706467661, 0.5635910224438903
7582, 0.5771144278606966, 0.5211970074812967, 0.5348258706467661, 0.5885286783042394, 0.5746268656716418, 0.5311720698254364, 0.5422885572139303, 0.5561097256857855, 0.5398009950248757, 0.5635910224438903
6318, 0.5522388059701493, 0.5261845386533666, 0.5323383084577115, 0.5785536159600998, 0.572139303482587, 0.5336658354114713, 0.527363184079602, 0.5486284289276808, 0.5422885572139303, 0.5660847880299252
5055, 0.5447761194029851, 0.5286783042394015, 0.5124378109452736, 0.5785536159600998, 0.5522388059701493, 0.513715710723192, 0.5223880597014925, 0.5361596009975063, 0.5223880597014925, 0.5610972568578554
3791, 0.5323383084577115, 0.5361596009975063, 0.5124378109452736, 0.5486284289276808, 0.527363184079602, 0.5062344139650873, 0.48258706467661694, 0.5037406483790524, 0.5223880597014925, 0.5486284289276808
2528, 0.5074626865671642, 0.5087281795511222, 0.48507462686567165, 0.5361596009975063, 0.4975124378109453, 0.4713216957605985, 0.44029850746268656, 0.46633416458852867, 0.4975124378109453, 0.5012468827930174
1264, 0.4427860696517413, 0.4314214463840399, 0.44527363184079605, 0.45885286783042395, 0.417910447761194, 0.4114713216957606, 0.41044776119402987, 0.42144638403990026, 0.43532338308457713, 0.4463840399002494
