24008, 0.554726368159204, 0.5586034912718204, 0.5447761194029851, 0.5635910224438903, 0.5572139303482587, 0.543640897755611, 0.5199004975124378, 0.5411471321695761, 0.5572139303482587, 0.543640897755611
22744, 0.5572139303482587, 0.5660847880299252, 0.5398009950248757, 0.5660847880299252, 0.5621890547263682, 0.5386533665835411, 0.5248756218905473, 0.5411471321695761, 0.554726368159204, 0.543640897755611
21481, 0.5646766169154229, 0.5660847880299252, 0.5472636815920398, 0.5610972568578554, 0.5646766169154229, 0.5411471321695761, 0.5248756218905473, 0.5386533665835411, 0.5597014925373134, 0.5386533665835411
20217, 0.5621890547263682, 0.57356608478803, 0.5447761194029851, 0.5660847880299252, 0.5621890547263682, 0.5386533665835411, 0.5248756218905473, 0.543640897755611, 0.5572139303482587, 0.5411471321695761
18954, 0.5646766169154229, 0.5660847880299252, 0.5447761194029851, 0.5610972568578554, 0.572139303482587, 0.5411471321695761, 0.527363184079602, 0.5361596009975063, 0.554726368159204, 0.5386533665835411
17690, 0.5621890547263682, 0.5635910224438903, 0.5373134328358209, 0.5561097256857855, 0.572139303482587, 0.5411471321695761, 0.5447761194029851, 0.543640897755611, 0.554726368159204, 0.5361596009975063
16427, 0.5472636815920398, 0.5536159600997507, 0.5298507462686567, 0.5610972568578554, 0.5746268656716418, 0.5311720698254364, 0.5323383084577115, 0.5336658354114713, 0.5422885572139303, 0.5386533665835411
15163, 0.5472636815920398, 0.5461346633416458, 0.5348258706467661, 0.5561097256857855, 0.5646766169154229, 0.5311720698254364, 0.527363184079602, 0.5261845386533666, 0.5323383084577115, 0.543640897755611
13900, 0.5348258706467661, 0.5361596009975063, 0.5248756218905473, 0.5561097256857855, 0.5572139303482587, 0.5361596009975063, 0.527363184079602, 0.513715710723192, 0.5248756218905473, 0.5336658354114713
12636, 0.5323383084577115, 0.5336658354114713, 0.5199004975124378, 0.5486284289276808, 0.5597014925373134, 0.5236907730673317, 0.5223880597014925, 0.5062344139650873, 0.5099502487562189, 0.516209476309227
11372, 0.5298507462686567, 0.5286783042394015, 0.5248756218905473, 0.5511221945137157, 0.5621890547263682, 0.5211970074812967, 0.5323383084577115, 0.5112219451371571, 0.5074626865671642, 0.5211970074812967
10109, 0.5348258706467661, 0.5286783042394015, 0.5199004975124378, 0.5461346633416458, 0.5472636815920398, 0.5187032418952618, 0.5298507462686567, 0.5087281795511222, 0.5099502487562189, 0.5211970074812967
8845, 0.5472636815920398, 0.5386533665835411, 0.5174129353233831, 0.5486284289276808, 0.5621890547263682, 0.516209476309227, 0.527363184079602, 0.5187032418952618, 0.5174129353233831, 0.5261845386533666
7582, 0.5522388059701493, 0.5336658354114713, 0.5024875621890548, 0.5361596009975063, 0.5572139303482587, 0.513715710723192, 0.5174129353233831, 0.5236907730673317, 0.5248756218905473, 0.5261845386533666
6318, 0.5422885572139303, 0.5336658354114713, 0.5049751243781094, 0.5461346633416458, 0.5597014925373134, 0.5211970074812967, 0.5124378109452736, 0.5211970074812967, 0.527363184079602, 0.513715710723192
5055, 0.5348258706467661, 0.49875311720698257, 0.5074626865671642, 0.5536159600997507, 0.5398009950248757, 0.5037406483790524, 0.5049751243781094, 0.516209476309227, 0.5199004975124378, 0.5261845386533666
3791, 0.5248756218905473, 0.486284289276808, 0.48009950248756217, 0.5336658354114713, 0.5348258706467661, 0.5336658354114713, 0.5074626865671642, 0.486284289276808, 0.5074626865671642, 0.5187032418952618
2528, 0.4900497512437811, 0.45885286783042395, 0.48258706467661694, 0.5261845386533666, 0.5074626865671642, 0.4713216957605985, 0.49502487562189057, 0.48129675810473815, 0.47512437810945274, 0.4837905236907731
1264, 0.417910447761194, 0.41895261845386533, 0.4228855721393035, 0.46384039900249374, 0.4154228855721393, 0.38403990024937656, 0.39303482587064675, 0.39650872817955113, 0.4427860696517413, 0.39650872817955113
