24008, 0.5572139303482587, 0.5586034912718204, 0.5447761194029851, 0.5635910224438903, 0.5572139303482587, 0.5461346633416458, 0.5199004975124378, 0.543640897755611, 0.554726368159204, 0.5461346633416458
22744, 0.5572139303482587, 0.5635910224438903, 0.5422885572139303, 0.5635910224438903, 0.5646766169154229, 0.5411471321695761, 0.5199004975124378, 0.543640897755611, 0.5572139303482587, 0.5486284289276808
21481, 0.5671641791044776, 0.57356608478803, 0.5447761194029851, 0.5635910224438903, 0.5621890547263682, 0.543640897755611, 0.527363184079602, 0.5411471321695761, 0.5621890547263682, 0.543640897755611
20217, 0.5671641791044776, 0.5835411471321695, 0.5447761194029851, 0.5610972568578554, 0.5646766169154229, 0.5411471321695761, 0.5298507462686567, 0.543640897755611, 0.5572139303482587, 0.5461346633416458
18954, 0.5671641791044776, 0.5810473815461347, 0.5497512437810945, 0.5586034912718204, 0.5671641791044776, 0.543640897755611, 0.5422885572139303, 0.5461346633416458, 0.5646766169154229, 0.5561097256857855
17690, 0.5696517412935324, 0.571072319201995, 0.5472636815920398, 0.5586034912718204, 0.582089552238806, 0.5461346633416458, 0.5422885572139303, 0.5511221945137157, 0.5646766169154229, 0.5561097256857855
16427, 0.572139303482587, 0.5685785536159601, 0.5447761194029851, 0.5835411471321695, 0.5796019900497512, 0.543640897755611, 0.5373134328358209, 0.5511221945137157, 0.5671641791044776, 0.5586034912718204
15163, 0.5746268656716418, 0.5610972568578554, 0.5398009950248757, 0.5860349127182045, 0.5845771144278606, 0.5461346633416458, 0.5447761194029851, 0.5561097256857855, 0.5696517412935324, 0.5536159600997507
13900, 0.572139303482587, 0.5635910224438903, 0.5398009950248757, 0.5860349127182045, 0.5870646766169154, 0.5461346633416458, 0.5572139303482587, 0.5561097256857855, 0.5696517412935324, 0.5511221945137157
12636, 0.572139303482587, 0.5561097256857855, 0.5373134328358209, 0.5860349127182045, 0.5796019900497512, 0.5461346633416458, 0.554726368159204, 0.5536159600997507, 0.5522388059701493, 0.543640897755611
11372, 0.5671641791044776, 0.5561097256857855, 0.5472636815920398, 0.5835411471321695, 0.5845771144278606, 0.5361596009975063, 0.5572139303482587, 0.5511221945137157, 0.5522388059701493, 0.5486284289276808
10109, 0.5696517412935324, 0.5536159600997507, 0.5497512437810945, 0.5785536159600998, 0.5746268656716418, 0.5311720698254364, 0.5621890547263682, 0.543640897755611, 0.5447761194029851, 0.5561097256857855
8845, 0.5746268656716418, 0.5461346633416458, 0.5422885572139303, 0.5760598503740648, 0.5746268656716418, 0.5361596009975063, 0.5522388059701493, 0.5386533665835411, 0.5472636815920398, 0.5561097256857855
7582, 0.5671641791044776, 0.5311720698254364, 0.5248756218905473, 0.5685785536159601, 0.582089552238806, 0.5261845386533666, 0.5497512437810945, 0.5361596009975063, 0.5447761194029851, 0.5635910224438903
6318, 0.554726368159204, 0.5286783042394015, 0.5422885572139303, 0.5810473815461347, 0.582089552238806, 0.516209476309227, 0.5323383084577115, 0.5411471321695761, 0.5422885572139303, 0.5586034912718204
5055, 0.5447761194029851, 0.5187032418952618, 0.5248756218905473, 0.5760598503740648, 0.5522388059701493, 0.5261845386533666, 0.5124378109452736, 0.516209476309227, 0.5248756218905473, 0.5411471321695761
3791, 0.5373134328358209, 0.5236907730673317, 0.5199004975124378, 0.5486284289276808, 0.5373134328358209, 0.5037406483790524, 0.4925373134328358, 0.5037406483790524, 0.5024875621890548, 0.5336658354114713
2528, 0.5149253731343284, 0.486284289276808, 0.48258706467661694, 0.5336658354114713, 0.48507462686567165, 0.46384039900249374, 0.46766169154228854, 0.46384039900249374, 0.48258706467661694, 0.5112219451371571
1264, 0.44029850746268656, 0.43640897755610975, 0.4552238805970149, 0.5087281795511222, 0.4228855721393035, 0.44139650872817954, 0.4079601990049751, 0.4239401496259352, 0.4701492537313433, 0.4339152119700748
