16752, 0.7275204359673024, 0.7275204359673024, 0.7255434782608695, 0.7057220708446866, 0.7411444141689373, 0.6948228882833788, 0.7547683923705722, 0.7880434782608695, 0.7166212534059946, 0.7602179836512262
15870, 0.7329700272479565, 0.7302452316076294, 0.7228260869565217, 0.7057220708446866, 0.7411444141689373, 0.7002724795640327, 0.7656675749318801, 0.7961956521739131, 0.7329700272479565, 0.7602179836512262
14989, 0.7356948228882834, 0.7329700272479565, 0.7282608695652174, 0.7138964577656676, 0.7329700272479565, 0.7029972752043597, 0.7683923705722071, 0.7934782608695652, 0.7275204359673024, 0.7656675749318801
14107, 0.7356948228882834, 0.7438692098092643, 0.7336956521739131, 0.7193460490463215, 0.7356948228882834, 0.7057220708446866, 0.779291553133515, 0.7907608695652174, 0.7275204359673024, 0.776566757493188
13225, 0.7356948228882834, 0.7465940054495913, 0.7282608695652174, 0.7275204359673024, 0.7329700272479565, 0.7138964577656676, 0.7901907356948229, 0.7880434782608695, 0.7247956403269755, 0.776566757493188
12344, 0.7329700272479565, 0.7547683923705722, 0.7364130434782609, 0.7356948228882834, 0.7302452316076294, 0.7166212534059946, 0.7956403269754768, 0.7853260869565217, 0.7193460490463215, 0.771117166212534
11462, 0.7356948228882834, 0.7574931880108992, 0.75, 0.7384196185286104, 0.7411444141689373, 0.7275204359673024, 0.7983651226158038, 0.7934782608695652, 0.7275204359673024, 0.7683923705722071
10580, 0.7329700272479565, 0.7656675749318801, 0.7472826086956522, 0.7384196185286104, 0.7411444141689373, 0.7356948228882834, 0.7956403269754768, 0.8016304347826086, 0.7356948228882834, 0.782016348773842
9699, 0.7384196185286104, 0.7683923705722071, 0.7445652173913043, 0.7547683923705722, 0.7574931880108992, 0.7384196185286104, 0.7901907356948229, 0.8097826086956522, 0.7547683923705722, 0.7956403269754768
8817, 0.7411444141689373, 0.7656675749318801, 0.75, 0.7574931880108992, 0.7683923705722071, 0.7329700272479565, 0.7929155313351499, 0.8125, 0.7547683923705722, 0.7983651226158038
7935, 0.7520435967302452, 0.7629427792915532, 0.7445652173913043, 0.771117166212534, 0.7656675749318801, 0.7493188010899182, 0.8065395095367848, 0.8097826086956522, 0.7493188010899182, 0.7983651226158038
7054, 0.7547683923705722, 0.7629427792915532, 0.7581521739130435, 0.7683923705722071, 0.771117166212534, 0.7438692098092643, 0.8010899182561307, 0.8125, 0.7520435967302452, 0.8092643051771117
6172, 0.7465940054495913, 0.7629427792915532, 0.7717391304347826, 0.776566757493188, 0.779291553133515, 0.7493188010899182, 0.7956403269754768, 0.8097826086956522, 0.7574931880108992, 0.8010899182561307
5290, 0.7465940054495913, 0.7629427792915532, 0.7608695652173914, 0.779291553133515, 0.771117166212534, 0.7493188010899182, 0.7956403269754768, 0.8125, 0.773841961852861, 0.8038147138964578
4409, 0.7547683923705722, 0.776566757493188, 0.7527173913043478, 0.7683923705722071, 0.7874659400544959, 0.7547683923705722, 0.779291553133515, 0.8097826086956522, 0.7602179836512262, 0.7901907356948229
3527, 0.7438692098092643, 0.779291553133515, 0.7445652173913043, 0.784741144414169, 0.7956403269754768, 0.7411444141689373, 0.779291553133515, 0.8125, 0.771117166212534, 0.7874659400544959
2645, 0.7384196185286104, 0.773841961852861, 0.7391304347826086, 0.7874659400544959, 0.7929155313351499, 0.7547683923705722, 0.776566757493188, 0.7934782608695652, 0.7574931880108992, 0.782016348773842
1764, 0.7356948228882834, 0.7629427792915532, 0.7418478260869565, 0.771117166212534, 0.779291553133515, 0.7438692098092643, 0.7602179836512262, 0.7934782608695652, 0.7656675749318801, 0.776566757493188
882, 0.7329700272479565, 0.7220708446866485, 0.7255434782608695, 0.7411444141689373, 0.771117166212534, 0.7384196185286104, 0.7602179836512262, 0.7635869565217391, 0.7465940054495913, 0.7465940054495913
