16752, 0.7275204359673024, 0.7247956403269755, 0.7228260869565217, 0.7029972752043597, 0.7329700272479565, 0.6893732970027248, 0.7547683923705722, 0.779891304347826, 0.7138964577656676, 0.7547683923705722
15870, 0.7302452316076294, 0.7275204359673024, 0.717391304347826, 0.7002724795640327, 0.7329700272479565, 0.6920980926430518, 0.7602179836512262, 0.7880434782608695, 0.7220708446866485, 0.7520435967302452
14989, 0.7302452316076294, 0.7302452316076294, 0.7255434782608695, 0.7084468664850136, 0.7275204359673024, 0.6948228882833788, 0.7629427792915532, 0.782608695652174, 0.7166212534059946, 0.7629427792915532
14107, 0.7302452316076294, 0.7384196185286104, 0.720108695652174, 0.7220708446866485, 0.7275204359673024, 0.7057220708446866, 0.776566757493188, 0.7853260869565217, 0.7166212534059946, 0.7629427792915532
13225, 0.7275204359673024, 0.7493188010899182, 0.717391304347826, 0.7220708446866485, 0.7220708446866485, 0.7138964577656676, 0.784741144414169, 0.782608695652174, 0.7138964577656676, 0.7683923705722071
12344, 0.7275204359673024, 0.7493188010899182, 0.7255434782608695, 0.7275204359673024, 0.7302452316076294, 0.7247956403269755, 0.7929155313351499, 0.779891304347826, 0.7084468664850136, 0.7683923705722071
11462, 0.7275204359673024, 0.7574931880108992, 0.7255434782608695, 0.7329700272479565, 0.7275204359673024, 0.7302452316076294, 0.7929155313351499, 0.7880434782608695, 0.7166212534059946, 0.771117166212534
10580, 0.7220708446866485, 0.7629427792915532, 0.7228260869565217, 0.7220708446866485, 0.7329700272479565, 0.7329700272479565, 0.7874659400544959, 0.7853260869565217, 0.7193460490463215, 0.7683923705722071
9699, 0.7247956403269755, 0.7547683923705722, 0.7364130434782609, 0.7384196185286104, 0.7465940054495913, 0.7302452316076294, 0.784741144414169, 0.7934782608695652, 0.7275204359673024, 0.784741144414169
8817, 0.7329700272479565, 0.7602179836512262, 0.7364130434782609, 0.7493188010899182, 0.7574931880108992, 0.7329700272479565, 0.7901907356948229, 0.7961956521739131, 0.7275204359673024, 0.7901907356948229
7935, 0.7384196185286104, 0.7602179836512262, 0.7418478260869565, 0.7547683923705722, 0.7602179836512262, 0.7384196185286104, 0.779291553133515, 0.8016304347826086, 0.7220708446866485, 0.7929155313351499
7054, 0.7356948228882834, 0.7547683923705722, 0.7282608695652174, 0.7547683923705722, 0.7574931880108992, 0.7493188010899182, 0.7874659400544959, 0.8097826086956522, 0.7193460490463215, 0.8010899182561307
6172, 0.7438692098092643, 0.7465940054495913, 0.7228260869565217, 0.7493188010899182, 0.7547683923705722, 0.7493188010899182, 0.776566757493188, 0.8016304347826086, 0.7247956403269755, 0.7874659400544959
5290, 0.7411444141689373, 0.7220708446866485, 0.7065217391304348, 0.7574931880108992, 0.7384196185286104, 0.7356948228882834, 0.7520435967302452, 0.8016304347826086, 0.7084468664850136, 0.779291553133515
4409, 0.7384196185286104, 0.7220708446866485, 0.7228260869565217, 0.7629427792915532, 0.7574931880108992, 0.7356948228882834, 0.7629427792915532, 0.8070652173913043, 0.7057220708446866, 0.7874659400544959
3527, 0.7220708446866485, 0.7356948228882834, 0.7119565217391305, 0.7465940054495913, 0.7493188010899182, 0.7329700272479565, 0.7683923705722071, 0.7961956521739131, 0.7084468664850136, 0.7683923705722071
2645, 0.7166212534059946, 0.7275204359673024, 0.7282608695652174, 0.7574931880108992, 0.7384196185286104, 0.7138964577656676, 0.7629427792915532, 0.7880434782608695, 0.7166212534059946, 0.7547683923705722
1764, 0.7220708446866485, 0.7247956403269755, 0.720108695652174, 0.7193460490463215, 0.7329700272479565, 0.7247956403269755, 0.771117166212534, 0.7663043478260869, 0.7057220708446866, 0.7356948228882834
882, 0.667574931880109, 0.662125340599455, 0.6603260869565217, 0.6730245231607629, 0.7193460490463215, 0.6784741144414169, 0.7111716621253406, 0.720108695652174, 0.667574931880109, 0.6975476839237057
