16752, 0.7384196185286104, 0.7411444141689373, 0.7445652173913043, 0.7247956403269755, 0.7547683923705722, 0.7111716621253406, 0.7574931880108992, 0.7934782608695652, 0.7220708446866485, 0.7683923705722071
15870, 0.6839237057220708, 0.6920980926430518, 0.717391304347826, 0.6730245231607629, 0.6948228882833788, 0.659400544959128, 0.6839237057220708, 0.7391304347826086, 0.6784741144414169, 0.7138964577656676
14989, 0.6811989100817438, 0.6948228882833788, 0.7092391304347826, 0.6730245231607629, 0.7057220708446866, 0.659400544959128, 0.6866485013623979, 0.7418478260869565, 0.6811989100817438, 0.7138964577656676
14107, 0.6866485013623979, 0.7002724795640327, 0.7038043478260869, 0.6839237057220708, 0.7002724795640327, 0.6648501362397821, 0.6948228882833788, 0.7391304347826086, 0.6839237057220708, 0.7384196185286104
13225, 0.6893732970027248, 0.7166212534059946, 0.7092391304347826, 0.6839237057220708, 0.7084468664850136, 0.670299727520436, 0.6975476839237057, 0.7364130434782609, 0.6784741144414169, 0.7411444141689373
12344, 0.6866485013623979, 0.7084468664850136, 0.7065217391304348, 0.6893732970027248, 0.7084468664850136, 0.6784741144414169, 0.7029972752043597, 0.7391304347826086, 0.6757493188010899, 0.7411444141689373
11462, 0.6920980926430518, 0.7057220708446866, 0.7065217391304348, 0.6975476839237057, 0.7057220708446866, 0.6757493188010899, 0.7057220708446866, 0.7391304347826086, 0.6866485013623979, 0.7384196185286104
10580, 0.6893732970027248, 0.7111716621253406, 0.7038043478260869, 0.7029972752043597, 0.7057220708446866, 0.6866485013623979, 0.7111716621253406, 0.7336956521739131, 0.6839237057220708, 0.7547683923705722
9699, 0.6975476839237057, 0.7084468664850136, 0.7092391304347826, 0.7084468664850136, 0.7111716621253406, 0.6893732970027248, 0.7084468664850136, 0.7554347826086957, 0.6948228882833788, 0.7520435967302452
8817, 0.7002724795640327, 0.7111716621253406, 0.717391304347826, 0.7084468664850136, 0.7220708446866485, 0.6866485013623979, 0.7111716621253406, 0.7581521739130435, 0.7002724795640327, 0.7656675749318801
7935, 0.6893732970027248, 0.6948228882833788, 0.7092391304347826, 0.6893732970027248, 0.7111716621253406, 0.659400544959128, 0.6948228882833788, 0.7336956521739131, 0.670299727520436, 0.7438692098092643
7054, 0.6839237057220708, 0.6975476839237057, 0.7119565217391305, 0.6948228882833788, 0.7138964577656676, 0.662125340599455, 0.7002724795640327, 0.7364130434782609, 0.667574931880109, 0.7411444141689373
6172, 0.6784741144414169, 0.6920980926430518, 0.717391304347826, 0.7111716621253406, 0.7166212534059946, 0.6648501362397821, 0.7057220708446866, 0.7364130434782609, 0.6757493188010899, 0.7438692098092643
5290, 0.6730245231607629, 0.6920980926430518, 0.717391304347826, 0.7057220708446866, 0.7193460490463215, 0.670299727520436, 0.6839237057220708, 0.7418478260869565, 0.6811989100817438, 0.7438692098092643
4409, 0.6811989100817438, 0.6893732970027248, 0.7119565217391305, 0.7057220708446866, 0.7275204359673024, 0.659400544959128, 0.6811989100817438, 0.7336956521739131, 0.6730245231607629, 0.7411444141689373
3527, 0.6757493188010899, 0.6975476839237057, 0.7119565217391305, 0.7166212534059946, 0.7247956403269755, 0.662125340599455, 0.6839237057220708, 0.717391304347826, 0.6866485013623979, 0.7247956403269755
2645, 0.670299727520436, 0.6975476839237057, 0.7010869565217391, 0.7220708446866485, 0.7247956403269755, 0.659400544959128, 0.6757493188010899, 0.7119565217391305, 0.667574931880109, 0.7220708446866485
1764, 0.6730245231607629, 0.6948228882833788, 0.7010869565217391, 0.7029972752043597, 0.7193460490463215, 0.6512261580381471, 0.6730245231607629, 0.6902173913043478, 0.6757493188010899, 0.7002724795640327
882, 0.6566757493188011, 0.659400544959128, 0.6820652173913043, 0.6839237057220708, 0.7220708446866485, 0.6512261580381471, 0.662125340599455, 0.6793478260869565, 0.6566757493188011, 0.6866485013623979
