13119, 0.7310924369747899, 0.7647058823529411, 0.7796610169491526, 0.7815126050420168, 0.773109243697479, 0.773109243697479, 0.7226890756302521, 0.7203389830508474, 0.7478991596638656, 0.8403361344537815
12429, 0.7226890756302521, 0.7563025210084033, 0.7796610169491526, 0.7563025210084033, 0.7478991596638656, 0.7310924369747899, 0.6974789915966386, 0.6864406779661016, 0.7310924369747899, 0.8319327731092437
11738, 0.7142857142857143, 0.7394957983193278, 0.7711864406779662, 0.7310924369747899, 0.7142857142857143, 0.7310924369747899, 0.680672268907563, 0.7033898305084746, 0.7142857142857143, 0.8067226890756303
11048, 0.7142857142857143, 0.7478991596638656, 0.7627118644067796, 0.7478991596638656, 0.6974789915966386, 0.7142857142857143, 0.6722689075630253, 0.6949152542372882, 0.6974789915966386, 0.7815126050420168
10357, 0.6974789915966386, 0.7563025210084033, 0.7457627118644068, 0.7394957983193278, 0.6554621848739496, 0.7058823529411765, 0.6890756302521008, 0.6779661016949152, 0.6890756302521008, 0.7563025210084033
9667, 0.6890756302521008, 0.7647058823529411, 0.6864406779661016, 0.7226890756302521, 0.6470588235294118, 0.7226890756302521, 0.6890756302521008, 0.6949152542372882, 0.6890756302521008, 0.7563025210084033
8976, 0.6890756302521008, 0.773109243697479, 0.6694915254237288, 0.7310924369747899, 0.6386554621848739, 0.7394957983193278, 0.6386554621848739, 0.652542372881356, 0.7058823529411765, 0.7647058823529411
8286, 0.6890756302521008, 0.7647058823529411, 0.6779661016949152, 0.7310924369747899, 0.6386554621848739, 0.7394957983193278, 0.6638655462184874, 0.6694915254237288, 0.7310924369747899, 0.773109243697479
7595, 0.680672268907563, 0.7563025210084033, 0.6610169491525424, 0.7563025210084033, 0.680672268907563, 0.7394957983193278, 0.680672268907563, 0.6694915254237288, 0.7394957983193278, 0.773109243697479
6905, 0.7142857142857143, 0.7815126050420168, 0.6779661016949152, 0.7647058823529411, 0.680672268907563, 0.7394957983193278, 0.7226890756302521, 0.6694915254237288, 0.7394957983193278, 0.8151260504201681
6215, 0.7310924369747899, 0.7563025210084033, 0.7203389830508474, 0.7478991596638656, 0.680672268907563, 0.7815126050420168, 0.7563025210084033, 0.6694915254237288, 0.7226890756302521, 0.8151260504201681
5524, 0.7310924369747899, 0.7647058823529411, 0.7542372881355932, 0.7310924369747899, 0.680672268907563, 0.7983193277310925, 0.7478991596638656, 0.6779661016949152, 0.7478991596638656, 0.8151260504201681
4834, 0.7394957983193278, 0.7394957983193278, 0.7457627118644068, 0.7310924369747899, 0.6554621848739496, 0.8151260504201681, 0.7478991596638656, 0.6610169491525424, 0.7310924369747899, 0.8319327731092437
4143, 0.7142857142857143, 0.7478991596638656, 0.7372881355932204, 0.7647058823529411, 0.6722689075630253, 0.7815126050420168, 0.7478991596638656, 0.6779661016949152, 0.7310924369747899, 0.8067226890756303
3453, 0.6974789915966386, 0.7394957983193278, 0.7203389830508474, 0.7226890756302521, 0.6890756302521008, 0.773109243697479, 0.7478991596638656, 0.6610169491525424, 0.6974789915966386, 0.8235294117647058
2762, 0.6890756302521008, 0.6890756302521008, 0.6779661016949152, 0.7142857142857143, 0.6470588235294118, 0.7563025210084033, 0.7226890756302521, 0.652542372881356, 0.7058823529411765, 0.7899159663865546
2072, 0.6638655462184874, 0.5966386554621849, 0.6864406779661016, 0.7142857142857143, 0.6302521008403361, 0.7142857142857143, 0.6638655462184874, 0.635593220338983, 0.5882352941176471, 0.7478991596638656
1381, 0.6134453781512605, 0.5630252100840336, 0.6694915254237288, 0.6470588235294118, 0.6134453781512605, 0.7058823529411765, 0.6470588235294118, 0.5169491525423728, 0.5378151260504201, 0.7142857142857143
691, 0.5630252100840336, 0.5042016806722689, 0.5338983050847458, 0.4957983193277311, 0.5210084033613446, 0.5966386554621849, 0.4957983193277311, 0.4152542372881356, 0.4789915966386555, 0.6302521008403361
