13119, 0.7647058823529411, 0.8067226890756303, 0.8305084745762712, 0.8235294117647058, 0.773109243697479, 0.8067226890756303, 0.7899159663865546, 0.7457627118644068, 0.7563025210084033, 0.8487394957983193
12429, 0.7899159663865546, 0.8067226890756303, 0.8220338983050848, 0.8235294117647058, 0.773109243697479, 0.8235294117647058, 0.7983193277310925, 0.7711864406779662, 0.7815126050420168, 0.8487394957983193
11738, 0.7899159663865546, 0.8067226890756303, 0.8220338983050848, 0.8235294117647058, 0.8151260504201681, 0.8319327731092437, 0.7983193277310925, 0.788135593220339, 0.7899159663865546, 0.8487394957983193
11048, 0.8151260504201681, 0.8151260504201681, 0.8305084745762712, 0.8319327731092437, 0.8151260504201681, 0.8319327731092437, 0.8151260504201681, 0.788135593220339, 0.8067226890756303, 0.8487394957983193
10357, 0.7983193277310925, 0.8319327731092437, 0.8305084745762712, 0.8151260504201681, 0.8235294117647058, 0.8235294117647058, 0.8151260504201681, 0.8220338983050848, 0.8151260504201681, 0.8487394957983193
9667, 0.8067226890756303, 0.8403361344537815, 0.847457627118644, 0.8235294117647058, 0.8487394957983193, 0.8403361344537815, 0.8235294117647058, 0.8220338983050848, 0.8319327731092437, 0.865546218487395
8976, 0.8067226890756303, 0.8151260504201681, 0.847457627118644, 0.8151260504201681, 0.8403361344537815, 0.8487394957983193, 0.8151260504201681, 0.8050847457627118, 0.8319327731092437, 0.8403361344537815
8286, 0.8151260504201681, 0.8571428571428571, 0.8220338983050848, 0.8151260504201681, 0.8235294117647058, 0.8571428571428571, 0.8151260504201681, 0.7796610169491526, 0.8319327731092437, 0.8319327731092437
7595, 0.8067226890756303, 0.8739495798319328, 0.8050847457627118, 0.8235294117647058, 0.8319327731092437, 0.8487394957983193, 0.8235294117647058, 0.788135593220339, 0.8235294117647058, 0.8487394957983193
6905, 0.7983193277310925, 0.8403361344537815, 0.7966101694915254, 0.8235294117647058, 0.8403361344537815, 0.8487394957983193, 0.8403361344537815, 0.788135593220339, 0.8151260504201681, 0.8403361344537815
6215, 0.7899159663865546, 0.8319327731092437, 0.8135593220338984, 0.8067226890756303, 0.8151260504201681, 0.8403361344537815, 0.8319327731092437, 0.7796610169491526, 0.7983193277310925, 0.8403361344537815
5524, 0.773109243697479, 0.8235294117647058, 0.8050847457627118, 0.8319327731092437, 0.7983193277310925, 0.8403361344537815, 0.8235294117647058, 0.7711864406779662, 0.8067226890756303, 0.8319327731092437
4834, 0.773109243697479, 0.8151260504201681, 0.8050847457627118, 0.8151260504201681, 0.7563025210084033, 0.8235294117647058, 0.8235294117647058, 0.7796610169491526, 0.7815126050420168, 0.8319327731092437
4143, 0.773109243697479, 0.8151260504201681, 0.7627118644067796, 0.8151260504201681, 0.773109243697479, 0.8151260504201681, 0.8235294117647058, 0.7372881355932204, 0.773109243697479, 0.8151260504201681
3453, 0.7647058823529411, 0.8235294117647058, 0.7542372881355932, 0.7983193277310925, 0.7563025210084033, 0.8235294117647058, 0.8151260504201681, 0.7542372881355932, 0.773109243697479, 0.8067226890756303
2762, 0.773109243697479, 0.8067226890756303, 0.7372881355932204, 0.773109243697479, 0.7478991596638656, 0.7899159663865546, 0.773109243697479, 0.7288135593220338, 0.7478991596638656, 0.7983193277310925
2072, 0.773109243697479, 0.7647058823529411, 0.7542372881355932, 0.7563025210084033, 0.7394957983193278, 0.8319327731092437, 0.773109243697479, 0.6864406779661016, 0.7226890756302521, 0.773109243697479
1381, 0.7310924369747899, 0.7142857142857143, 0.6779661016949152, 0.7142857142857143, 0.6890756302521008, 0.773109243697479, 0.7478991596638656, 0.7033898305084746, 0.7226890756302521, 0.7310924369747899
691, 0.7142857142857143, 0.6638655462184874, 0.6694915254237288, 0.6722689075630253, 0.6638655462184874, 0.7394957983193278, 0.6470588235294118, 0.652542372881356, 0.6470588235294118, 0.7226890756302521
