13119, 0.7478991596638656, 0.7899159663865546, 0.8050847457627118, 0.8067226890756303, 0.7815126050420168, 0.7899159663865546, 0.7647058823529411, 0.7288135593220338, 0.7478991596638656, 0.8403361344537815
12429, 0.7478991596638656, 0.7899159663865546, 0.7966101694915254, 0.7983193277310925, 0.773109243697479, 0.7983193277310925, 0.7226890756302521, 0.7203389830508474, 0.7478991596638656, 0.8403361344537815
11738, 0.7394957983193278, 0.7899159663865546, 0.8050847457627118, 0.7983193277310925, 0.773109243697479, 0.7983193277310925, 0.7310924369747899, 0.7203389830508474, 0.7478991596638656, 0.8235294117647058
11048, 0.7563025210084033, 0.7899159663865546, 0.8050847457627118, 0.7899159663865546, 0.773109243697479, 0.7983193277310925, 0.7478991596638656, 0.7288135593220338, 0.7563025210084033, 0.8235294117647058
10357, 0.7563025210084033, 0.7899159663865546, 0.788135593220339, 0.7899159663865546, 0.7647058823529411, 0.7983193277310925, 0.7478991596638656, 0.7288135593220338, 0.7563025210084033, 0.8235294117647058
9667, 0.7563025210084033, 0.7983193277310925, 0.7796610169491526, 0.7899159663865546, 0.7647058823529411, 0.8151260504201681, 0.7563025210084033, 0.7372881355932204, 0.7478991596638656, 0.8235294117647058
8976, 0.7647058823529411, 0.8067226890756303, 0.7796610169491526, 0.8067226890756303, 0.7647058823529411, 0.8235294117647058, 0.7647058823529411, 0.7457627118644068, 0.7394957983193278, 0.8319327731092437
8286, 0.7478991596638656, 0.8067226890756303, 0.7711864406779662, 0.7899159663865546, 0.7563025210084033, 0.8151260504201681, 0.7647058823529411, 0.7542372881355932, 0.7226890756302521, 0.8319327731092437
7595, 0.773109243697479, 0.8151260504201681, 0.7711864406779662, 0.7899159663865546, 0.7478991596638656, 0.8151260504201681, 0.7563025210084033, 0.7627118644067796, 0.7058823529411765, 0.8319327731092437
6905, 0.7310924369747899, 0.8067226890756303, 0.7796610169491526, 0.7815126050420168, 0.7478991596638656, 0.8151260504201681, 0.7563025210084033, 0.7711864406779662, 0.6974789915966386, 0.8319327731092437
6215, 0.7394957983193278, 0.7983193277310925, 0.7627118644067796, 0.7815126050420168, 0.7226890756302521, 0.8235294117647058, 0.7394957983193278, 0.7372881355932204, 0.6974789915966386, 0.8319327731092437
5524, 0.7142857142857143, 0.7983193277310925, 0.7796610169491526, 0.773109243697479, 0.7310924369747899, 0.8235294117647058, 0.773109243697479, 0.7372881355932204, 0.7058823529411765, 0.8403361344537815
4834, 0.7226890756302521, 0.7899159663865546, 0.8050847457627118, 0.7647058823529411, 0.7142857142857143, 0.8151260504201681, 0.7647058823529411, 0.7288135593220338, 0.7310924369747899, 0.8571428571428571
4143, 0.7310924369747899, 0.773109243697479, 0.8050847457627118, 0.7647058823529411, 0.7142857142857143, 0.8151260504201681, 0.7647058823529411, 0.7542372881355932, 0.7478991596638656, 0.8403361344537815
3453, 0.7226890756302521, 0.773109243697479, 0.7627118644067796, 0.773109243697479, 0.7226890756302521, 0.7983193277310925, 0.7815126050420168, 0.7288135593220338, 0.7394957983193278, 0.865546218487395
2762, 0.6974789915966386, 0.7563025210084033, 0.7457627118644068, 0.7647058823529411, 0.7226890756302521, 0.7478991596638656, 0.7815126050420168, 0.7033898305084746, 0.7310924369747899, 0.8151260504201681
2072, 0.6974789915966386, 0.7226890756302521, 0.7033898305084746, 0.7899159663865546, 0.6890756302521008, 0.7226890756302521, 0.7899159663865546, 0.6864406779661016, 0.6890756302521008, 0.8151260504201681
1381, 0.6722689075630253, 0.6722689075630253, 0.6779661016949152, 0.7226890756302521, 0.6638655462184874, 0.7226890756302521, 0.7563025210084033, 0.6610169491525424, 0.6218487394957983, 0.7563025210084033
691, 0.7142857142857143, 0.6218487394957983, 0.6186440677966102, 0.6890756302521008, 0.6134453781512605, 0.6722689075630253, 0.680672268907563, 0.635593220338983, 0.5798319327731093, 0.7226890756302521
