10085, 0.3756345177664975, 0.38071065989847713, 0.3756345177664975, 0.3756345177664975, 0.3888888888888889, 0.36548223350253806, 0.39593908629441626, 0.41116751269035534, 0.37055837563451777, 0.38071065989847713
9554, 0.38071065989847713, 0.39593908629441626, 0.38578680203045684, 0.39086294416243655, 0.3939393939393939, 0.37055837563451777, 0.39593908629441626, 0.4263959390862944, 0.3756345177664975, 0.40609137055837563
9023, 0.39086294416243655, 0.40609137055837563, 0.4010152284263959, 0.39593908629441626, 0.3939393939393939, 0.36548223350253806, 0.41116751269035534, 0.4467005076142132, 0.3756345177664975, 0.41624365482233505
8492, 0.4010152284263959, 0.40609137055837563, 0.4213197969543147, 0.40609137055837563, 0.398989898989899, 0.38071065989847713, 0.41624365482233505, 0.4720812182741117, 0.38578680203045684, 0.4213197969543147
7962, 0.40609137055837563, 0.4213197969543147, 0.4263959390862944, 0.41624365482233505, 0.41919191919191917, 0.39593908629441626, 0.41624365482233505, 0.49238578680203043, 0.39593908629441626, 0.43147208121827413
7431, 0.4213197969543147, 0.43147208121827413, 0.4365482233502538, 0.4213197969543147, 0.4393939393939394, 0.40609137055837563, 0.43147208121827413, 0.5076142131979695, 0.40609137055837563, 0.4365482233502538
6900, 0.43147208121827413, 0.4416243654822335, 0.4467005076142132, 0.43147208121827413, 0.45454545454545453, 0.41624365482233505, 0.4467005076142132, 0.5126903553299492, 0.40609137055837563, 0.45685279187817257
6369, 0.4517766497461929, 0.4517766497461929, 0.45685279187817257, 0.4416243654822335, 0.45454545454545453, 0.4213197969543147, 0.45685279187817257, 0.5431472081218274, 0.41624365482233505, 0.4517766497461929
5839, 0.4619289340101523, 0.4619289340101523, 0.4720812182741117, 0.45685279187817257, 0.4696969696969697, 0.4213197969543147, 0.4517766497461929, 0.5431472081218274, 0.41116751269035534, 0.4619289340101523
5308, 0.47715736040609136, 0.48223350253807107, 0.49238578680203043, 0.4619289340101523, 0.47474747474747475, 0.43147208121827413, 0.45685279187817257, 0.5431472081218274, 0.43147208121827413, 0.4720812182741117
4777, 0.48223350253807107, 0.49238578680203043, 0.49238578680203043, 0.45685279187817257, 0.48484848484848486, 0.4416243654822335, 0.4517766497461929, 0.5634517766497462, 0.4263959390862944, 0.4873096446700508
4246, 0.4873096446700508, 0.5126903553299492, 0.49746192893401014, 0.48223350253807107, 0.5, 0.4467005076142132, 0.45685279187817257, 0.5583756345177665, 0.4416243654822335, 0.5025380710659898
3716, 0.48223350253807107, 0.5177664974619289, 0.5228426395939086, 0.49746192893401014, 0.5050505050505051, 0.467005076142132, 0.4720812182741117, 0.5786802030456852, 0.4416243654822335, 0.5025380710659898
3185, 0.48223350253807107, 0.5177664974619289, 0.5380710659898477, 0.5025380710659898, 0.5303030303030303, 0.49238578680203043, 0.49746192893401014, 0.583756345177665, 0.4517766497461929, 0.49746192893401014
2654, 0.49238578680203043, 0.5279187817258884, 0.5431472081218274, 0.5177664974619289, 0.5454545454545454, 0.4873096446700508, 0.49746192893401014, 0.5634517766497462, 0.45685279187817257, 0.5228426395939086
2123, 0.5126903553299492, 0.5482233502538071, 0.5532994923857868, 0.5482233502538071, 0.5606060606060606, 0.49746192893401014, 0.5076142131979695, 0.5532994923857868, 0.4873096446700508, 0.5279187817258884
1593, 0.5279187817258884, 0.5736040609137056, 0.5329949238578681, 0.5786802030456852, 0.5757575757575758, 0.5228426395939086, 0.5126903553299492, 0.583756345177665, 0.47715736040609136, 0.5279187817258884
1062, 0.5380710659898477, 0.5380710659898477, 0.5126903553299492, 0.5329949238578681, 0.5707070707070707, 0.5076142131979695, 0.5228426395939086, 0.583756345177665, 0.5025380710659898, 0.5228426395939086
531, 0.5025380710659898, 0.5228426395939086, 0.48223350253807107, 0.5228426395939086, 0.51010101010101, 0.5076142131979695, 0.5177664974619289, 0.5329949238578681, 0.467005076142132, 0.5076142131979695
