10085, 0.3756345177664975, 0.38071065989847713, 0.36548223350253806, 0.3756345177664975, 0.3838383838383838, 0.36548223350253806, 0.39593908629441626, 0.41116751269035534, 0.36548223350253806, 0.38071065989847713
9554, 0.38071065989847713, 0.39593908629441626, 0.37055837563451777, 0.38071065989847713, 0.3888888888888889, 0.37055837563451777, 0.39593908629441626, 0.43147208121827413, 0.3604060913705584, 0.4010152284263959
9023, 0.39086294416243655, 0.4010152284263959, 0.38578680203045684, 0.37055837563451777, 0.3888888888888889, 0.3553299492385787, 0.4010152284263959, 0.4416243654822335, 0.36548223350253806, 0.40609137055837563
8492, 0.39593908629441626, 0.40609137055837563, 0.4010152284263959, 0.39086294416243655, 0.3939393939393939, 0.37055837563451777, 0.41116751269035534, 0.4619289340101523, 0.36548223350253806, 0.4263959390862944
7962, 0.41624365482233505, 0.41116751269035534, 0.4213197969543147, 0.39593908629441626, 0.398989898989899, 0.38071065989847713, 0.41116751269035534, 0.47715736040609136, 0.38578680203045684, 0.41624365482233505
7431, 0.4213197969543147, 0.41624365482233505, 0.4263959390862944, 0.4010152284263959, 0.4090909090909091, 0.39593908629441626, 0.4213197969543147, 0.4873096446700508, 0.38578680203045684, 0.43147208121827413
6900, 0.4416243654822335, 0.4467005076142132, 0.4416243654822335, 0.41116751269035534, 0.43434343434343436, 0.39593908629441626, 0.4263959390862944, 0.5076142131979695, 0.38578680203045684, 0.4416243654822335
6369, 0.4467005076142132, 0.4467005076142132, 0.4416243654822335, 0.4213197969543147, 0.4393939393939394, 0.39593908629441626, 0.4213197969543147, 0.5228426395939086, 0.39086294416243655, 0.4263959390862944
5839, 0.4416243654822335, 0.4416243654822335, 0.4416243654822335, 0.4263959390862944, 0.42424242424242425, 0.39086294416243655, 0.4213197969543147, 0.5228426395939086, 0.39086294416243655, 0.41624365482233505
5308, 0.4467005076142132, 0.4416243654822335, 0.4416243654822335, 0.4416243654822335, 0.42424242424242425, 0.39593908629441626, 0.4213197969543147, 0.5279187817258884, 0.38578680203045684, 0.4263959390862944
4777, 0.4416243654822335, 0.4517766497461929, 0.4365482233502538, 0.4263959390862944, 0.4494949494949495, 0.41116751269035534, 0.43147208121827413, 0.5228426395939086, 0.38578680203045684, 0.43147208121827413
4246, 0.45685279187817257, 0.4619289340101523, 0.467005076142132, 0.4263959390862944, 0.4595959595959596, 0.4213197969543147, 0.4517766497461929, 0.5380710659898477, 0.39593908629441626, 0.4416243654822335
3716, 0.4517766497461929, 0.4873096446700508, 0.467005076142132, 0.4416243654822335, 0.47474747474747475, 0.4365482233502538, 0.4416243654822335, 0.5431472081218274, 0.41624365482233505, 0.4467005076142132
3185, 0.467005076142132, 0.5177664974619289, 0.4873096446700508, 0.45685279187817257, 0.4797979797979798, 0.45685279187817257, 0.4416243654822335, 0.5380710659898477, 0.43147208121827413, 0.4467005076142132
2654, 0.47715736040609136, 0.5025380710659898, 0.49746192893401014, 0.4873096446700508, 0.4898989898989899, 0.4517766497461929, 0.4467005076142132, 0.5583756345177665, 0.4263959390862944, 0.45685279187817257
2123, 0.45685279187817257, 0.5228426395939086, 0.49238578680203043, 0.48223350253807107, 0.48484848484848486, 0.4416243654822335, 0.4619289340101523, 0.5532994923857868, 0.4365482233502538, 0.45685279187817257
1593, 0.4517766497461929, 0.5076142131979695, 0.49746192893401014, 0.47715736040609136, 0.5, 0.4467005076142132, 0.4517766497461929, 0.5279187817258884, 0.4213197969543147, 0.467005076142132
1062, 0.43147208121827413, 0.4720812182741117, 0.467005076142132, 0.4517766497461929, 0.46464646464646464, 0.4213197969543147, 0.4517766497461929, 0.5025380710659898, 0.43147208121827413, 0.4416243654822335
531, 0.40609137055837563, 0.4517766497461929, 0.41624365482233505, 0.39086294416243655, 0.42424242424242425, 0.4010152284263959, 0.39593908629441626, 0.4619289340101523, 0.38071065989847713, 0.4263959390862944
