10085, 0.37055837563451777, 0.38071065989847713, 0.36548223350253806, 0.37055837563451777, 0.3838383838383838, 0.3604060913705584, 0.39593908629441626, 0.41116751269035534, 0.3604060913705584, 0.3756345177664975
9554, 0.3756345177664975, 0.38578680203045684, 0.38071065989847713, 0.39086294416243655, 0.3888888888888889, 0.37055837563451777, 0.39593908629441626, 0.41624365482233505, 0.37055837563451777, 0.39086294416243655
9023, 0.38578680203045684, 0.39593908629441626, 0.39593908629441626, 0.39086294416243655, 0.398989898989899, 0.37055837563451777, 0.40609137055837563, 0.4416243654822335, 0.38071065989847713, 0.4010152284263959
8492, 0.39593908629441626, 0.40609137055837563, 0.41624365482233505, 0.40609137055837563, 0.4090909090909091, 0.3756345177664975, 0.41624365482233505, 0.45685279187817257, 0.38578680203045684, 0.41116751269035534
7962, 0.4010152284263959, 0.4213197969543147, 0.4263959390862944, 0.41116751269035534, 0.41414141414141414, 0.39086294416243655, 0.41624365482233505, 0.48223350253807107, 0.39086294416243655, 0.4263959390862944
7431, 0.41624365482233505, 0.43147208121827413, 0.43147208121827413, 0.4213197969543147, 0.4393939393939394, 0.40609137055837563, 0.43147208121827413, 0.49746192893401014, 0.4010152284263959, 0.43147208121827413
6900, 0.4263959390862944, 0.4365482233502538, 0.4416243654822335, 0.4213197969543147, 0.4494949494949495, 0.41624365482233505, 0.4416243654822335, 0.5025380710659898, 0.40609137055837563, 0.4416243654822335
6369, 0.4467005076142132, 0.45685279187817257, 0.4619289340101523, 0.43147208121827413, 0.4595959595959596, 0.4213197969543147, 0.45685279187817257, 0.5279187817258884, 0.41116751269035534, 0.4619289340101523
5839, 0.4619289340101523, 0.4720812182741117, 0.48223350253807107, 0.4517766497461929, 0.46464646464646464, 0.4213197969543147, 0.45685279187817257, 0.5482233502538071, 0.4263959390862944, 0.467005076142132
5308, 0.4720812182741117, 0.4873096446700508, 0.49238578680203043, 0.45685279187817257, 0.4696969696969697, 0.43147208121827413, 0.45685279187817257, 0.5431472081218274, 0.4213197969543147, 0.4720812182741117
4777, 0.47715736040609136, 0.5025380710659898, 0.49238578680203043, 0.467005076142132, 0.48484848484848486, 0.43147208121827413, 0.45685279187817257, 0.5482233502538071, 0.4365482233502538, 0.4873096446700508
4246, 0.48223350253807107, 0.5177664974619289, 0.5025380710659898, 0.4873096446700508, 0.5050505050505051, 0.4416243654822335, 0.4720812182741117, 0.5583756345177665, 0.4467005076142132, 0.49746192893401014
3716, 0.49238578680203043, 0.5279187817258884, 0.5126903553299492, 0.5025380710659898, 0.5151515151515151, 0.4720812182741117, 0.48223350253807107, 0.5634517766497462, 0.45685279187817257, 0.5025380710659898
3185, 0.49238578680203043, 0.5177664974619289, 0.5279187817258884, 0.5025380710659898, 0.5303030303030303, 0.49238578680203043, 0.5025380710659898, 0.5685279187817259, 0.4517766497461929, 0.5025380710659898
2654, 0.49746192893401014, 0.5329949238578681, 0.5380710659898477, 0.5329949238578681, 0.5505050505050505, 0.5025380710659898, 0.5076142131979695, 0.5736040609137056, 0.467005076142132, 0.5329949238578681
2123, 0.5076142131979695, 0.5532994923857868, 0.5380710659898477, 0.5482233502538071, 0.5606060606060606, 0.49238578680203043, 0.5076142131979695, 0.5583756345177665, 0.47715736040609136, 0.5329949238578681
1593, 0.5228426395939086, 0.5685279187817259, 0.5431472081218274, 0.5634517766497462, 0.5858585858585859, 0.5228426395939086, 0.5279187817258884, 0.5786802030456852, 0.49746192893401014, 0.5583756345177665
1062, 0.5380710659898477, 0.5532994923857868, 0.5279187817258884, 0.5685279187817259, 0.5959595959595959, 0.5482233502538071, 0.5177664974619289, 0.5939086294416244, 0.49746192893401014, 0.5532994923857868
531, 0.5329949238578681, 0.5482233502538071, 0.5076142131979695, 0.5482233502538071, 0.5808080808080808, 0.5380710659898477, 0.5279187817258884, 0.5989847715736041, 0.5177664974619289, 0.49746192893401014
