16752, 0.7411444141689373, 0.7438692098092643, 0.7472826086956522, 0.7683923705722071, 0.7602179836512262, 0.7138964577656676, 0.7983651226158038, 0.8152173913043478, 0.7493188010899182, 0.784741144414169
15870, 0.7411444141689373, 0.7493188010899182, 0.7581521739130435, 0.7683923705722071, 0.7602179836512262, 0.7220708446866485, 0.7983651226158038, 0.8179347826086957, 0.7574931880108992, 0.782016348773842
14989, 0.7493188010899182, 0.7493188010899182, 0.7554347826086957, 0.7656675749318801, 0.7602179836512262, 0.7166212534059946, 0.7956403269754768, 0.8179347826086957, 0.7574931880108992, 0.784741144414169
14107, 0.7493188010899182, 0.7520435967302452, 0.7608695652173914, 0.7656675749318801, 0.7602179836512262, 0.7193460490463215, 0.7929155313351499, 0.8233695652173914, 0.7547683923705722, 0.7901907356948229
13225, 0.7520435967302452, 0.7493188010899182, 0.7608695652173914, 0.779291553133515, 0.7656675749318801, 0.7220708446866485, 0.7929155313351499, 0.8233695652173914, 0.7547683923705722, 0.7956403269754768
12344, 0.7547683923705722, 0.7520435967302452, 0.7635869565217391, 0.776566757493188, 0.7656675749318801, 0.7193460490463215, 0.7901907356948229, 0.8206521739130435, 0.7683923705722071, 0.779291553133515
11462, 0.7602179836512262, 0.7602179836512262, 0.7635869565217391, 0.771117166212534, 0.771117166212534, 0.7247956403269755, 0.7874659400544959, 0.8233695652173914, 0.773841961852861, 0.782016348773842
10580, 0.7547683923705722, 0.7547683923705722, 0.7635869565217391, 0.779291553133515, 0.779291553133515, 0.7247956403269755, 0.776566757493188, 0.8260869565217391, 0.773841961852861, 0.776566757493188
9699, 0.7574931880108992, 0.7656675749318801, 0.7635869565217391, 0.784741144414169, 0.782016348773842, 0.7220708446866485, 0.779291553133515, 0.8288043478260869, 0.779291553133515, 0.7874659400544959
8817, 0.7547683923705722, 0.7629427792915532, 0.7581521739130435, 0.782016348773842, 0.7956403269754768, 0.7302452316076294, 0.779291553133515, 0.8315217391304348, 0.779291553133515, 0.7874659400544959
7935, 0.7438692098092643, 0.7656675749318801, 0.7635869565217391, 0.782016348773842, 0.7874659400544959, 0.7275204359673024, 0.771117166212534, 0.8260869565217391, 0.782016348773842, 0.784741144414169
7054, 0.7438692098092643, 0.7547683923705722, 0.7581521739130435, 0.782016348773842, 0.7901907356948229, 0.7302452316076294, 0.7683923705722071, 0.8206521739130435, 0.776566757493188, 0.7901907356948229
6172, 0.7465940054495913, 0.7629427792915532, 0.7635869565217391, 0.782016348773842, 0.7901907356948229, 0.7356948228882834, 0.771117166212534, 0.8288043478260869, 0.776566757493188, 0.779291553133515
5290, 0.7465940054495913, 0.7683923705722071, 0.7554347826086957, 0.784741144414169, 0.782016348773842, 0.7384196185286104, 0.782016348773842, 0.8288043478260869, 0.771117166212534, 0.782016348773842
4409, 0.7520435967302452, 0.7656675749318801, 0.7527173913043478, 0.784741144414169, 0.782016348773842, 0.7275204359673024, 0.779291553133515, 0.8233695652173914, 0.782016348773842, 0.779291553133515
3527, 0.7493188010899182, 0.7329700272479565, 0.7391304347826086, 0.7629427792915532, 0.776566757493188, 0.7302452316076294, 0.782016348773842, 0.8179347826086957, 0.779291553133515, 0.773841961852861
2645, 0.7247956403269755, 0.7220708446866485, 0.7309782608695652, 0.7438692098092643, 0.7683923705722071, 0.7247956403269755, 0.7629427792915532, 0.7961956521739131, 0.776566757493188, 0.779291553133515
1764, 0.7384196185286104, 0.7166212534059946, 0.7228260869565217, 0.7302452316076294, 0.7629427792915532, 0.7220708446866485, 0.7520435967302452, 0.7853260869565217, 0.7438692098092643, 0.7438692098092643
882, 0.7166212534059946, 0.6839237057220708, 0.720108695652174, 0.6920980926430518, 0.7438692098092643, 0.6893732970027248, 0.7220708446866485, 0.7255434782608695, 0.7111716621253406, 0.7084468664850136
