13119, 0.7058823529411765, 0.6470588235294118, 0.6864406779661016, 0.7142857142857143, 0.7058823529411765, 0.7478991596638656, 0.6722689075630253, 0.635593220338983, 0.6722689075630253, 0.7815126050420168
12429, 0.7058823529411765, 0.6386554621848739, 0.6779661016949152, 0.7058823529411765, 0.7058823529411765, 0.7478991596638656, 0.6638655462184874, 0.6271186440677966, 0.680672268907563, 0.7899159663865546
11738, 0.6974789915966386, 0.6638655462184874, 0.6864406779661016, 0.7142857142857143, 0.6974789915966386, 0.7478991596638656, 0.680672268907563, 0.6440677966101694, 0.6890756302521008, 0.7899159663865546
11048, 0.6974789915966386, 0.680672268907563, 0.6949152542372882, 0.7226890756302521, 0.6890756302521008, 0.7478991596638656, 0.6974789915966386, 0.635593220338983, 0.6890756302521008, 0.7983193277310925
10357, 0.680672268907563, 0.6890756302521008, 0.7033898305084746, 0.7226890756302521, 0.6974789915966386, 0.7563025210084033, 0.7058823529411765, 0.6440677966101694, 0.7058823529411765, 0.7983193277310925
9667, 0.6890756302521008, 0.6890756302521008, 0.7203389830508474, 0.7226890756302521, 0.6890756302521008, 0.7647058823529411, 0.7058823529411765, 0.6271186440677966, 0.7058823529411765, 0.7983193277310925
8976, 0.6974789915966386, 0.7142857142857143, 0.711864406779661, 0.7226890756302521, 0.6722689075630253, 0.7394957983193278, 0.7142857142857143, 0.6440677966101694, 0.6974789915966386, 0.8067226890756303
8286, 0.6890756302521008, 0.6974789915966386, 0.711864406779661, 0.7226890756302521, 0.680672268907563, 0.7478991596638656, 0.7142857142857143, 0.6610169491525424, 0.7142857142857143, 0.7983193277310925
7595, 0.6974789915966386, 0.7478991596638656, 0.7033898305084746, 0.7394957983193278, 0.6890756302521008, 0.7563025210084033, 0.7310924369747899, 0.652542372881356, 0.7142857142857143, 0.7899159663865546
6905, 0.6890756302521008, 0.7563025210084033, 0.7372881355932204, 0.7647058823529411, 0.680672268907563, 0.7815126050420168, 0.7310924369747899, 0.6610169491525424, 0.7058823529411765, 0.7899159663865546
6215, 0.7058823529411765, 0.7815126050420168, 0.7457627118644068, 0.7478991596638656, 0.680672268907563, 0.773109243697479, 0.7142857142857143, 0.6610169491525424, 0.6974789915966386, 0.7899159663865546
5524, 0.7058823529411765, 0.7647058823529411, 0.7627118644067796, 0.7478991596638656, 0.6638655462184874, 0.7647058823529411, 0.7310924369747899, 0.6694915254237288, 0.7058823529411765, 0.7815126050420168
4834, 0.7058823529411765, 0.7647058823529411, 0.7711864406779662, 0.7310924369747899, 0.6638655462184874, 0.7647058823529411, 0.7394957983193278, 0.6779661016949152, 0.7142857142857143, 0.7899159663865546
4143, 0.7058823529411765, 0.7478991596638656, 0.7711864406779662, 0.7310924369747899, 0.6638655462184874, 0.773109243697479, 0.7310924369747899, 0.6864406779661016, 0.7310924369747899, 0.7983193277310925
3453, 0.7142857142857143, 0.7394957983193278, 0.7711864406779662, 0.7310924369747899, 0.7058823529411765, 0.7983193277310925, 0.7226890756302521, 0.6610169491525424, 0.6974789915966386, 0.7983193277310925
2762, 0.680672268907563, 0.7310924369747899, 0.7457627118644068, 0.7394957983193278, 0.6974789915966386, 0.7899159663865546, 0.7394957983193278, 0.6440677966101694, 0.6722689075630253, 0.7983193277310925
2072, 0.6722689075630253, 0.7058823529411765, 0.7372881355932204, 0.7142857142857143, 0.6974789915966386, 0.7647058823529411, 0.7647058823529411, 0.6186440677966102, 0.6554621848739496, 0.773109243697479
1381, 0.6470588235294118, 0.6470588235294118, 0.652542372881356, 0.6974789915966386, 0.6302521008403361, 0.7142857142857143, 0.7394957983193278, 0.6016949152542372, 0.5966386554621849, 0.7647058823529411
691, 0.5714285714285714, 0.5966386554621849, 0.5932203389830508, 0.6554621848739496, 0.5882352941176471, 0.7058823529411765, 0.6722689075630253, 0.559322033898305, 0.5462184873949579, 0.680672268907563
