13119, 0.6554621848739496, 0.6386554621848739, 0.6694915254237288, 0.6722689075630253, 0.6638655462184874, 0.7310924369747899, 0.6218487394957983, 0.5932203389830508, 0.6470588235294118, 0.7394957983193278
12429, 0.6554621848739496, 0.5882352941176471, 0.6610169491525424, 0.6638655462184874, 0.6638655462184874, 0.7226890756302521, 0.6134453781512605, 0.6016949152542372, 0.6638655462184874, 0.7394957983193278
11738, 0.6470588235294118, 0.5882352941176471, 0.6694915254237288, 0.6554621848739496, 0.6470588235294118, 0.6974789915966386, 0.6050420168067226, 0.5847457627118644, 0.6638655462184874, 0.7394957983193278
11048, 0.6470588235294118, 0.5882352941176471, 0.6779661016949152, 0.6470588235294118, 0.6386554621848739, 0.680672268907563, 0.6302521008403361, 0.559322033898305, 0.6218487394957983, 0.7310924369747899
10357, 0.6218487394957983, 0.5546218487394958, 0.6440677966101694, 0.6218487394957983, 0.6470588235294118, 0.6890756302521008, 0.6050420168067226, 0.5508474576271186, 0.6050420168067226, 0.7310924369747899
9667, 0.6134453781512605, 0.5630252100840336, 0.6440677966101694, 0.6218487394957983, 0.6218487394957983, 0.6722689075630253, 0.6134453781512605, 0.5254237288135594, 0.6134453781512605, 0.6890756302521008
8976, 0.5882352941176471, 0.5546218487394958, 0.6694915254237288, 0.6134453781512605, 0.5966386554621849, 0.680672268907563, 0.6134453781512605, 0.5, 0.6050420168067226, 0.6722689075630253
8286, 0.5882352941176471, 0.5798319327731093, 0.6864406779661016, 0.6218487394957983, 0.5798319327731093, 0.680672268907563, 0.6218487394957983, 0.5169491525423728, 0.5966386554621849, 0.6554621848739496
7595, 0.6050420168067226, 0.5714285714285714, 0.7033898305084746, 0.6302521008403361, 0.6050420168067226, 0.6890756302521008, 0.6218487394957983, 0.5423728813559322, 0.6134453781512605, 0.680672268907563
6905, 0.6218487394957983, 0.6302521008403361, 0.7033898305084746, 0.6470588235294118, 0.6134453781512605, 0.680672268907563, 0.6386554621848739, 0.559322033898305, 0.6302521008403361, 0.6974789915966386
6215, 0.6386554621848739, 0.6386554621848739, 0.711864406779661, 0.6470588235294118, 0.6218487394957983, 0.6890756302521008, 0.6638655462184874, 0.559322033898305, 0.6218487394957983, 0.6890756302521008
5524, 0.6554621848739496, 0.6470588235294118, 0.7203389830508474, 0.6470588235294118, 0.6218487394957983, 0.7058823529411765, 0.6722689075630253, 0.5847457627118644, 0.6302521008403361, 0.7058823529411765
4834, 0.6638655462184874, 0.6302521008403361, 0.7203389830508474, 0.6386554621848739, 0.6134453781512605, 0.7058823529411765, 0.6890756302521008, 0.5677966101694916, 0.6302521008403361, 0.7142857142857143
4143, 0.6386554621848739, 0.6302521008403361, 0.711864406779661, 0.6722689075630253, 0.6218487394957983, 0.7058823529411765, 0.680672268907563, 0.6016949152542372, 0.6302521008403361, 0.7226890756302521
3453, 0.6470588235294118, 0.6302521008403361, 0.6864406779661016, 0.6638655462184874, 0.6050420168067226, 0.7058823529411765, 0.6638655462184874, 0.5847457627118644, 0.6218487394957983, 0.7142857142857143
2762, 0.6722689075630253, 0.6470588235294118, 0.6610169491525424, 0.680672268907563, 0.5882352941176471, 0.7226890756302521, 0.6722689075630253, 0.5423728813559322, 0.6050420168067226, 0.7310924369747899
2072, 0.6470588235294118, 0.5882352941176471, 0.6271186440677966, 0.6302521008403361, 0.5714285714285714, 0.6722689075630253, 0.6638655462184874, 0.5847457627118644, 0.5714285714285714, 0.680672268907563
1381, 0.6218487394957983, 0.5462184873949579, 0.635593220338983, 0.5798319327731093, 0.5798319327731093, 0.6554621848739496, 0.6218487394957983, 0.5084745762711864, 0.4957983193277311, 0.6386554621848739
691, 0.5210084033613446, 0.4789915966386555, 0.5169491525423728, 0.44537815126050423, 0.4789915966386555, 0.5714285714285714, 0.4957983193277311, 0.423728813559322, 0.44537815126050423, 0.5630252100840336
