13119, 0.7058823529411765, 0.6386554621848739, 0.6694915254237288, 0.6890756302521008, 0.6974789915966386, 0.7478991596638656, 0.6470588235294118, 0.6101694915254238, 0.6722689075630253, 0.7478991596638656
12429, 0.6974789915966386, 0.6386554621848739, 0.6694915254237288, 0.7310924369747899, 0.6974789915966386, 0.7478991596638656, 0.6638655462184874, 0.6271186440677966, 0.6974789915966386, 0.7563025210084033
11738, 0.7142857142857143, 0.6722689075630253, 0.6864406779661016, 0.7310924369747899, 0.7142857142857143, 0.7478991596638656, 0.6638655462184874, 0.635593220338983, 0.6974789915966386, 0.773109243697479
11048, 0.7142857142857143, 0.6722689075630253, 0.7033898305084746, 0.7394957983193278, 0.7142857142857143, 0.7394957983193278, 0.6722689075630253, 0.635593220338983, 0.7142857142857143, 0.773109243697479
10357, 0.7226890756302521, 0.680672268907563, 0.711864406779661, 0.7394957983193278, 0.7226890756302521, 0.7478991596638656, 0.6722689075630253, 0.652542372881356, 0.7142857142857143, 0.7899159663865546
9667, 0.6974789915966386, 0.6974789915966386, 0.711864406779661, 0.7478991596638656, 0.7226890756302521, 0.773109243697479, 0.680672268907563, 0.6610169491525424, 0.7058823529411765, 0.7899159663865546
8976, 0.7058823529411765, 0.7058823529411765, 0.7203389830508474, 0.7394957983193278, 0.7226890756302521, 0.7647058823529411, 0.6974789915966386, 0.6610169491525424, 0.7142857142857143, 0.7815126050420168
8286, 0.7226890756302521, 0.7310924369747899, 0.7033898305084746, 0.7226890756302521, 0.7226890756302521, 0.773109243697479, 0.7058823529411765, 0.6779661016949152, 0.7058823529411765, 0.773109243697479
7595, 0.7058823529411765, 0.7478991596638656, 0.7288135593220338, 0.7310924369747899, 0.7226890756302521, 0.7647058823529411, 0.7226890756302521, 0.6610169491525424, 0.7226890756302521, 0.773109243697479
6905, 0.7142857142857143, 0.7478991596638656, 0.7288135593220338, 0.7478991596638656, 0.7226890756302521, 0.7394957983193278, 0.7310924369747899, 0.6440677966101694, 0.7226890756302521, 0.773109243697479
6215, 0.7058823529411765, 0.7142857142857143, 0.7542372881355932, 0.7394957983193278, 0.7058823529411765, 0.7478991596638656, 0.7394957983193278, 0.6440677966101694, 0.7310924369747899, 0.7647058823529411
5524, 0.6890756302521008, 0.7394957983193278, 0.7457627118644068, 0.7394957983193278, 0.7058823529411765, 0.7310924369747899, 0.7310924369747899, 0.652542372881356, 0.7142857142857143, 0.7563025210084033
4834, 0.6974789915966386, 0.7478991596638656, 0.7542372881355932, 0.7563025210084033, 0.6974789915966386, 0.7226890756302521, 0.7478991596638656, 0.6610169491525424, 0.680672268907563, 0.7647058823529411
4143, 0.6890756302521008, 0.7310924369747899, 0.7203389830508474, 0.7394957983193278, 0.6890756302521008, 0.7310924369747899, 0.7394957983193278, 0.6694915254237288, 0.6554621848739496, 0.7815126050420168
3453, 0.6890756302521008, 0.7142857142857143, 0.6864406779661016, 0.7226890756302521, 0.6722689075630253, 0.7310924369747899, 0.7226890756302521, 0.6694915254237288, 0.680672268907563, 0.7815126050420168
2762, 0.6974789915966386, 0.7058823529411765, 0.6694915254237288, 0.7226890756302521, 0.6722689075630253, 0.7142857142857143, 0.7142857142857143, 0.6610169491525424, 0.6554621848739496, 0.773109243697479
2072, 0.6974789915966386, 0.7142857142857143, 0.6101694915254238, 0.6974789915966386, 0.6302521008403361, 0.7142857142857143, 0.7226890756302521, 0.6016949152542372, 0.6470588235294118, 0.7563025210084033
1381, 0.6386554621848739, 0.6974789915966386, 0.6016949152542372, 0.6638655462184874, 0.6134453781512605, 0.7058823529411765, 0.680672268907563, 0.6101694915254238, 0.6386554621848739, 0.7563025210084033
691, 0.6050420168067226, 0.6470588235294118, 0.576271186440678, 0.6386554621848739, 0.6050420168067226, 0.6722689075630253, 0.6386554621848739, 0.5677966101694916, 0.5546218487394958, 0.7058823529411765
