10085, 0.4467005076142132, 0.48223350253807107, 0.4467005076142132, 0.45685279187817257, 0.47474747474747475, 0.4517766497461929, 0.4467005076142132, 0.5228426395939086, 0.4263959390862944, 0.48223350253807107
9554, 0.4416243654822335, 0.4873096446700508, 0.4517766497461929, 0.4517766497461929, 0.4797979797979798, 0.4416243654822335, 0.4619289340101523, 0.5279187817258884, 0.4365482233502538, 0.467005076142132
9023, 0.4416243654822335, 0.47715736040609136, 0.45685279187817257, 0.467005076142132, 0.47474747474747475, 0.4619289340101523, 0.4619289340101523, 0.5329949238578681, 0.4365482233502538, 0.4720812182741117
8492, 0.4517766497461929, 0.47715736040609136, 0.4720812182741117, 0.4720812182741117, 0.48484848484848486, 0.4619289340101523, 0.4517766497461929, 0.5482233502538071, 0.4416243654822335, 0.47715736040609136
7962, 0.45685279187817257, 0.48223350253807107, 0.4720812182741117, 0.467005076142132, 0.4898989898989899, 0.467005076142132, 0.4517766497461929, 0.5482233502538071, 0.4416243654822335, 0.49238578680203043
7431, 0.4720812182741117, 0.4873096446700508, 0.47715736040609136, 0.48223350253807107, 0.5, 0.4720812182741117, 0.4517766497461929, 0.5634517766497462, 0.4416243654822335, 0.49746192893401014
6900, 0.47715736040609136, 0.49238578680203043, 0.48223350253807107, 0.4873096446700508, 0.5050505050505051, 0.4720812182741117, 0.4467005076142132, 0.5583756345177665, 0.4416243654822335, 0.4873096446700508
6369, 0.48223350253807107, 0.5076142131979695, 0.4873096446700508, 0.5025380710659898, 0.5252525252525253, 0.47715736040609136, 0.4517766497461929, 0.5583756345177665, 0.4416243654822335, 0.5025380710659898
5839, 0.49238578680203043, 0.5076142131979695, 0.47715736040609136, 0.5025380710659898, 0.5303030303030303, 0.47715736040609136, 0.467005076142132, 0.5532994923857868, 0.4365482233502538, 0.5025380710659898
5308, 0.49238578680203043, 0.5228426395939086, 0.49238578680203043, 0.5076142131979695, 0.5303030303030303, 0.467005076142132, 0.467005076142132, 0.5532994923857868, 0.4416243654822335, 0.5076142131979695
4777, 0.4873096446700508, 0.5177664974619289, 0.5025380710659898, 0.5126903553299492, 0.5353535353535354, 0.48223350253807107, 0.467005076142132, 0.5431472081218274, 0.4467005076142132, 0.5177664974619289
4246, 0.5025380710659898, 0.5279187817258884, 0.5025380710659898, 0.5025380710659898, 0.5303030303030303, 0.49746192893401014, 0.467005076142132, 0.5431472081218274, 0.4619289340101523, 0.5126903553299492
3716, 0.5025380710659898, 0.5380710659898477, 0.49238578680203043, 0.49238578680203043, 0.5454545454545454, 0.5076142131979695, 0.47715736040609136, 0.5583756345177665, 0.47715736040609136, 0.5329949238578681
3185, 0.49238578680203043, 0.5329949238578681, 0.49238578680203043, 0.5177664974619289, 0.5606060606060606, 0.5126903553299492, 0.4873096446700508, 0.5380710659898477, 0.5025380710659898, 0.5431472081218274
2654, 0.5076142131979695, 0.5228426395939086, 0.49746192893401014, 0.5431472081218274, 0.5656565656565656, 0.5177664974619289, 0.4873096446700508, 0.5431472081218274, 0.4720812182741117, 0.5279187817258884
2123, 0.5126903553299492, 0.49746192893401014, 0.49238578680203043, 0.5532994923857868, 0.5707070707070707, 0.5228426395939086, 0.47715736040609136, 0.5482233502538071, 0.4467005076142132, 0.5177664974619289
1593, 0.4720812182741117, 0.5228426395939086, 0.47715736040609136, 0.5279187817258884, 0.5505050505050505, 0.5228426395939086, 0.49238578680203043, 0.5431472081218274, 0.4416243654822335, 0.48223350253807107
1062, 0.47715736040609136, 0.49746192893401014, 0.4517766497461929, 0.49238578680203043, 0.494949494949495, 0.49238578680203043, 0.4517766497461929, 0.49238578680203043, 0.4213197969543147, 0.4619289340101523
531, 0.4213197969543147, 0.4416243654822335, 0.39086294416243655, 0.4213197969543147, 0.4393939393939394, 0.45685279187817257, 0.4416243654822335, 0.43147208121827413, 0.36548223350253806, 0.3756345177664975
