10085, 0.4720812182741117, 0.49746192893401014, 0.4619289340101523, 0.4720812182741117, 0.494949494949495, 0.4619289340101523, 0.4416243654822335, 0.5482233502538071, 0.4467005076142132, 0.49238578680203043
9554, 0.47715736040609136, 0.5025380710659898, 0.47715736040609136, 0.4873096446700508, 0.4898989898989899, 0.467005076142132, 0.4517766497461929, 0.5482233502538071, 0.4467005076142132, 0.4873096446700508
9023, 0.48223350253807107, 0.5025380710659898, 0.48223350253807107, 0.49238578680203043, 0.5, 0.467005076142132, 0.45685279187817257, 0.5583756345177665, 0.4467005076142132, 0.49238578680203043
8492, 0.4873096446700508, 0.5076142131979695, 0.49238578680203043, 0.49746192893401014, 0.5, 0.48223350253807107, 0.467005076142132, 0.5634517766497462, 0.4416243654822335, 0.49746192893401014
7962, 0.4873096446700508, 0.5126903553299492, 0.49746192893401014, 0.49746192893401014, 0.5151515151515151, 0.4873096446700508, 0.467005076142132, 0.5786802030456852, 0.4365482233502538, 0.5025380710659898
7431, 0.5025380710659898, 0.5076142131979695, 0.49746192893401014, 0.5025380710659898, 0.5252525252525253, 0.49238578680203043, 0.4720812182741117, 0.5939086294416244, 0.4416243654822335, 0.5177664974619289
6900, 0.5076142131979695, 0.5126903553299492, 0.5076142131979695, 0.5076142131979695, 0.5252525252525253, 0.5025380710659898, 0.467005076142132, 0.5989847715736041, 0.4416243654822335, 0.5279187817258884
6369, 0.49746192893401014, 0.5177664974619289, 0.5228426395939086, 0.5177664974619289, 0.5404040404040404, 0.5177664974619289, 0.4720812182741117, 0.6040609137055838, 0.4517766497461929, 0.5279187817258884
5839, 0.5025380710659898, 0.5177664974619289, 0.5279187817258884, 0.5329949238578681, 0.5404040404040404, 0.5177664974619289, 0.47715736040609136, 0.6091370558375635, 0.45685279187817257, 0.5279187817258884
5308, 0.5025380710659898, 0.5279187817258884, 0.5431472081218274, 0.5482233502538071, 0.5454545454545454, 0.5177664974619289, 0.47715736040609136, 0.6142131979695431, 0.467005076142132, 0.5431472081218274
4777, 0.5177664974619289, 0.5532994923857868, 0.5329949238578681, 0.5532994923857868, 0.5454545454545454, 0.5279187817258884, 0.4873096446700508, 0.5989847715736041, 0.47715736040609136, 0.5482233502538071
4246, 0.5279187817258884, 0.5583756345177665, 0.5380710659898477, 0.5532994923857868, 0.5555555555555556, 0.5380710659898477, 0.49238578680203043, 0.5939086294416244, 0.4873096446700508, 0.5431472081218274
3716, 0.5431472081218274, 0.5685279187817259, 0.5431472081218274, 0.5634517766497462, 0.5757575757575758, 0.5431472081218274, 0.5025380710659898, 0.5888324873096447, 0.49746192893401014, 0.5583756345177665
3185, 0.5583756345177665, 0.5786802030456852, 0.5583756345177665, 0.5786802030456852, 0.5909090909090909, 0.5329949238578681, 0.5076142131979695, 0.5888324873096447, 0.49746192893401014, 0.5634517766497462
2654, 0.5380710659898477, 0.5888324873096447, 0.5532994923857868, 0.583756345177665, 0.6161616161616161, 0.5583756345177665, 0.5076142131979695, 0.6192893401015228, 0.5076142131979695, 0.5736040609137056
2123, 0.5329949238578681, 0.5888324873096447, 0.5482233502538071, 0.5939086294416244, 0.6363636363636364, 0.5482233502538071, 0.5228426395939086, 0.6192893401015228, 0.49238578680203043, 0.5532994923857868
1593, 0.5279187817258884, 0.5736040609137056, 0.5380710659898477, 0.6243654822335025, 0.6363636363636364, 0.5583756345177665, 0.5380710659898477, 0.6192893401015228, 0.49238578680203043, 0.5482233502538071
1062, 0.5329949238578681, 0.5482233502538071, 0.5076142131979695, 0.5685279187817259, 0.6515151515151515, 0.5482233502538071, 0.5380710659898477, 0.6192893401015228, 0.4873096446700508, 0.5329949238578681
531, 0.4720812182741117, 0.5177664974619289, 0.49238578680203043, 0.5786802030456852, 0.5555555555555556, 0.5228426395939086, 0.5279187817258884, 0.6040609137055838, 0.4619289340101523, 0.49746192893401014
