10085, 0.4365482233502538, 0.48223350253807107, 0.4416243654822335, 0.4517766497461929, 0.4696969696969697, 0.4467005076142132, 0.4416243654822335, 0.5228426395939086, 0.43147208121827413, 0.4873096446700508
9554, 0.4517766497461929, 0.4873096446700508, 0.4467005076142132, 0.45685279187817257, 0.48484848484848486, 0.4517766497461929, 0.4619289340101523, 0.5279187817258884, 0.4365482233502538, 0.4873096446700508
9023, 0.4517766497461929, 0.5025380710659898, 0.4467005076142132, 0.467005076142132, 0.48484848484848486, 0.467005076142132, 0.45685279187817257, 0.5431472081218274, 0.4416243654822335, 0.4873096446700508
8492, 0.4619289340101523, 0.49746192893401014, 0.467005076142132, 0.4720812182741117, 0.5, 0.47715736040609136, 0.45685279187817257, 0.5532994923857868, 0.4416243654822335, 0.49238578680203043
7962, 0.4720812182741117, 0.49238578680203043, 0.48223350253807107, 0.4720812182741117, 0.494949494949495, 0.47715736040609136, 0.45685279187817257, 0.5532994923857868, 0.4467005076142132, 0.5025380710659898
7431, 0.48223350253807107, 0.5025380710659898, 0.4873096446700508, 0.5025380710659898, 0.51010101010101, 0.47715736040609136, 0.4517766497461929, 0.5685279187817259, 0.4416243654822335, 0.5177664974619289
6900, 0.49746192893401014, 0.49746192893401014, 0.49238578680203043, 0.5025380710659898, 0.5151515151515151, 0.47715736040609136, 0.45685279187817257, 0.5685279187817259, 0.4416243654822335, 0.5177664974619289
6369, 0.5025380710659898, 0.5025380710659898, 0.49238578680203043, 0.5228426395939086, 0.5252525252525253, 0.4873096446700508, 0.4619289340101523, 0.5736040609137056, 0.4517766497461929, 0.5177664974619289
5839, 0.5076142131979695, 0.5228426395939086, 0.49238578680203043, 0.5228426395939086, 0.5303030303030303, 0.49746192893401014, 0.4619289340101523, 0.5786802030456852, 0.4517766497461929, 0.5279187817258884
5308, 0.5126903553299492, 0.5380710659898477, 0.5177664974619289, 0.5126903553299492, 0.5404040404040404, 0.5076142131979695, 0.47715736040609136, 0.5786802030456852, 0.4619289340101523, 0.5279187817258884
4777, 0.5076142131979695, 0.5482233502538071, 0.5177664974619289, 0.5177664974619289, 0.5454545454545454, 0.5126903553299492, 0.48223350253807107, 0.583756345177665, 0.47715736040609136, 0.5228426395939086
4246, 0.5228426395939086, 0.5634517766497462, 0.5177664974619289, 0.5228426395939086, 0.5505050505050505, 0.5279187817258884, 0.48223350253807107, 0.5989847715736041, 0.47715736040609136, 0.5380710659898477
3716, 0.5380710659898477, 0.5634517766497462, 0.5177664974619289, 0.5482233502538071, 0.5757575757575758, 0.5329949238578681, 0.47715736040609136, 0.5888324873096447, 0.49238578680203043, 0.5380710659898477
3185, 0.5583756345177665, 0.5786802030456852, 0.5126903553299492, 0.5583756345177665, 0.5858585858585859, 0.5634517766497462, 0.49746192893401014, 0.583756345177665, 0.5076142131979695, 0.5736040609137056
2654, 0.5634517766497462, 0.5786802030456852, 0.5228426395939086, 0.5634517766497462, 0.6111111111111112, 0.583756345177665, 0.5177664974619289, 0.583756345177665, 0.5025380710659898, 0.5786802030456852
2123, 0.5380710659898477, 0.583756345177665, 0.5228426395939086, 0.5634517766497462, 0.6161616161616161, 0.5634517766497462, 0.5076142131979695, 0.583756345177665, 0.5025380710659898, 0.5736040609137056
1593, 0.5329949238578681, 0.5786802030456852, 0.5228426395939086, 0.5685279187817259, 0.6414141414141414, 0.583756345177665, 0.5279187817258884, 0.583756345177665, 0.5025380710659898, 0.5532994923857868
1062, 0.5177664974619289, 0.5634517766497462, 0.48223350253807107, 0.5786802030456852, 0.6161616161616161, 0.5736040609137056, 0.5329949238578681, 0.5888324873096447, 0.49238578680203043, 0.5228426395939086
531, 0.5177664974619289, 0.5279187817258884, 0.4517766497461929, 0.5939086294416244, 0.5353535353535354, 0.5380710659898477, 0.467005076142132, 0.5634517766497462, 0.48223350253807107, 0.4467005076142132
