11433, 0.7209302325581395, 0.7441860465116279, 0.7267441860465116, 0.7093023255813954, 0.7109826589595376, 0.7209302325581395, 0.75, 0.7383720930232558, 0.7325581395348837, 0.7325581395348837
10831, 0.7267441860465116, 0.75, 0.7267441860465116, 0.7209302325581395, 0.7109826589595376, 0.7267441860465116, 0.7441860465116279, 0.7441860465116279, 0.7558139534883721, 0.7383720930232558
10229, 0.7383720930232558, 0.7616279069767442, 0.7209302325581395, 0.7383720930232558, 0.7167630057803468, 0.7325581395348837, 0.7558139534883721, 0.7558139534883721, 0.7616279069767442, 0.75
9628, 0.7267441860465116, 0.7558139534883721, 0.7209302325581395, 0.7383720930232558, 0.7109826589595376, 0.7325581395348837, 0.7674418604651163, 0.7616279069767442, 0.7616279069767442, 0.7558139534883721
9026, 0.7325581395348837, 0.7616279069767442, 0.7325581395348837, 0.7441860465116279, 0.7225433526011561, 0.7325581395348837, 0.7616279069767442, 0.7558139534883721, 0.7674418604651163, 0.7558139534883721
8424, 0.7267441860465116, 0.7674418604651163, 0.7383720930232558, 0.75, 0.7225433526011561, 0.7441860465116279, 0.7674418604651163, 0.7616279069767442, 0.7616279069767442, 0.7616279069767442
7823, 0.7267441860465116, 0.7674418604651163, 0.7383720930232558, 0.7383720930232558, 0.7167630057803468, 0.75, 0.7732558139534884, 0.7616279069767442, 0.75, 0.7616279069767442
7221, 0.7267441860465116, 0.7732558139534884, 0.7441860465116279, 0.75, 0.7109826589595376, 0.75, 0.7732558139534884, 0.7790697674418605, 0.7616279069767442, 0.7674418604651163
6619, 0.7267441860465116, 0.7732558139534884, 0.75, 0.75, 0.7283236994219653, 0.75, 0.7732558139534884, 0.7848837209302325, 0.7558139534883721, 0.7616279069767442
6017, 0.7325581395348837, 0.7790697674418605, 0.7558139534883721, 0.75, 0.7398843930635838, 0.7558139534883721, 0.7616279069767442, 0.7906976744186046, 0.7732558139534884, 0.7616279069767442
5416, 0.7441860465116279, 0.7848837209302325, 0.7674418604651163, 0.7383720930232558, 0.7456647398843931, 0.75, 0.7674418604651163, 0.7790697674418605, 0.7732558139534884, 0.7558139534883721
4814, 0.7616279069767442, 0.7732558139534884, 0.75, 0.75, 0.7572254335260116, 0.75, 0.7732558139534884, 0.7848837209302325, 0.7558139534883721, 0.7441860465116279
4212, 0.75, 0.7790697674418605, 0.75, 0.75, 0.7745664739884393, 0.75, 0.7732558139534884, 0.7965116279069767, 0.75, 0.7383720930232558
3611, 0.75, 0.7790697674418605, 0.7674418604651163, 0.7441860465116279, 0.7803468208092486, 0.7616279069767442, 0.7906976744186046, 0.8197674418604651, 0.75, 0.7616279069767442
3009, 0.7616279069767442, 0.7848837209302325, 0.7790697674418605, 0.7558139534883721, 0.7745664739884393, 0.7674418604651163, 0.7906976744186046, 0.8255813953488372, 0.7616279069767442, 0.7732558139534884
2407, 0.75, 0.7558139534883721, 0.7558139534883721, 0.7616279069767442, 0.7803468208092486, 0.7441860465116279, 0.8023255813953488, 0.8372093023255814, 0.7558139534883721, 0.7848837209302325
1806, 0.7441860465116279, 0.7558139534883721, 0.7558139534883721, 0.7732558139534884, 0.7976878612716763, 0.7616279069767442, 0.7732558139534884, 0.8430232558139535, 0.75, 0.7674418604651163
1204, 0.7558139534883721, 0.75, 0.7325581395348837, 0.7674418604651163, 0.7861271676300579, 0.75, 0.7790697674418605, 0.8023255813953488, 0.7383720930232558, 0.7906976744186046
602, 0.7674418604651163, 0.7558139534883721, 0.7616279069767442, 0.75, 0.791907514450867, 0.7441860465116279, 0.7848837209302325, 0.8081395348837209, 0.75, 0.7674418604651163
