11433, 0.7151162790697675, 0.7383720930232558, 0.7325581395348837, 0.7034883720930233, 0.6994219653179191, 0.7151162790697675, 0.7441860465116279, 0.7325581395348837, 0.7383720930232558, 0.7209302325581395
10831, 0.7151162790697675, 0.7383720930232558, 0.7325581395348837, 0.7034883720930233, 0.6994219653179191, 0.7209302325581395, 0.7383720930232558, 0.7325581395348837, 0.7441860465116279, 0.7267441860465116
10229, 0.7209302325581395, 0.7325581395348837, 0.7209302325581395, 0.7034883720930233, 0.6994219653179191, 0.7209302325581395, 0.7209302325581395, 0.7325581395348837, 0.7383720930232558, 0.7151162790697675
9628, 0.7034883720930233, 0.7093023255813954, 0.7209302325581395, 0.6976744186046512, 0.6994219653179191, 0.7151162790697675, 0.7209302325581395, 0.7151162790697675, 0.7093023255813954, 0.6976744186046512
9026, 0.7034883720930233, 0.7093023255813954, 0.7209302325581395, 0.6976744186046512, 0.6994219653179191, 0.7151162790697675, 0.7151162790697675, 0.7209302325581395, 0.7093023255813954, 0.686046511627907
8424, 0.7093023255813954, 0.7325581395348837, 0.7209302325581395, 0.6802325581395349, 0.7109826589595376, 0.7151162790697675, 0.7209302325581395, 0.7325581395348837, 0.7267441860465116, 0.7151162790697675
7823, 0.7151162790697675, 0.7209302325581395, 0.7209302325581395, 0.6744186046511628, 0.6936416184971098, 0.7151162790697675, 0.6918604651162791, 0.7093023255813954, 0.7209302325581395, 0.7267441860465116
7221, 0.7209302325581395, 0.7267441860465116, 0.7209302325581395, 0.6569767441860465, 0.7052023121387283, 0.7093023255813954, 0.7034883720930233, 0.7093023255813954, 0.7267441860465116, 0.7267441860465116
6619, 0.7209302325581395, 0.7441860465116279, 0.6918604651162791, 0.6686046511627907, 0.7109826589595376, 0.7034883720930233, 0.7325581395348837, 0.7209302325581395, 0.7151162790697675, 0.7209302325581395
6017, 0.7209302325581395, 0.7674418604651163, 0.686046511627907, 0.686046511627907, 0.7167630057803468, 0.6918604651162791, 0.7267441860465116, 0.7383720930232558, 0.7151162790697675, 0.7209302325581395
5416, 0.7151162790697675, 0.7441860465116279, 0.6802325581395349, 0.6802325581395349, 0.6994219653179191, 0.686046511627907, 0.7441860465116279, 0.7383720930232558, 0.7151162790697675, 0.7034883720930233
4814, 0.6918604651162791, 0.7441860465116279, 0.6744186046511628, 0.7034883720930233, 0.6994219653179191, 0.6918604651162791, 0.7267441860465116, 0.7441860465116279, 0.7209302325581395, 0.7034883720930233
4212, 0.6918604651162791, 0.7209302325581395, 0.686046511627907, 0.6976744186046512, 0.6994219653179191, 0.6918604651162791, 0.7325581395348837, 0.7441860465116279, 0.7151162790697675, 0.6976744186046512
3611, 0.7325581395348837, 0.7441860465116279, 0.7209302325581395, 0.7267441860465116, 0.7456647398843931, 0.7151162790697675, 0.7383720930232558, 0.7790697674418605, 0.7383720930232558, 0.6976744186046512
3009, 0.7267441860465116, 0.7383720930232558, 0.7558139534883721, 0.7325581395348837, 0.7687861271676301, 0.7267441860465116, 0.7558139534883721, 0.8023255813953488, 0.75, 0.7616279069767442
2407, 0.7441860465116279, 0.75, 0.7616279069767442, 0.7383720930232558, 0.791907514450867, 0.7267441860465116, 0.7790697674418605, 0.8081395348837209, 0.7674418604651163, 0.7441860465116279
1806, 0.7441860465116279, 0.7383720930232558, 0.7616279069767442, 0.7558139534883721, 0.791907514450867, 0.7441860465116279, 0.7848837209302325, 0.7848837209302325, 0.75, 0.7441860465116279
1204, 0.75, 0.7616279069767442, 0.7674418604651163, 0.7383720930232558, 0.8034682080924855, 0.7558139534883721, 0.7848837209302325, 0.8081395348837209, 0.7674418604651163, 0.75
602, 0.7441860465116279, 0.7558139534883721, 0.7790697674418605, 0.7616279069767442, 0.7976878612716763, 0.7732558139534884, 0.75, 0.8023255813953488, 0.75, 0.7732558139534884
