11433, 0.7209302325581395, 0.7441860465116279, 0.7267441860465116, 0.7151162790697675, 0.7109826589595376, 0.7209302325581395, 0.75, 0.7383720930232558, 0.7325581395348837, 0.7325581395348837
10831, 0.7267441860465116, 0.75, 0.7267441860465116, 0.7151162790697675, 0.7109826589595376, 0.7267441860465116, 0.7441860465116279, 0.7441860465116279, 0.7558139534883721, 0.7383720930232558
10229, 0.7383720930232558, 0.7616279069767442, 0.7209302325581395, 0.7383720930232558, 0.7167630057803468, 0.7325581395348837, 0.7616279069767442, 0.7674418604651163, 0.7616279069767442, 0.7441860465116279
9628, 0.7267441860465116, 0.7558139534883721, 0.7267441860465116, 0.7441860465116279, 0.7109826589595376, 0.7325581395348837, 0.7674418604651163, 0.7558139534883721, 0.7616279069767442, 0.7558139534883721
9026, 0.7383720930232558, 0.7616279069767442, 0.7325581395348837, 0.7558139534883721, 0.7167630057803468, 0.7441860465116279, 0.7674418604651163, 0.7558139534883721, 0.7616279069767442, 0.7616279069767442
8424, 0.7209302325581395, 0.7674418604651163, 0.7325581395348837, 0.75, 0.7109826589595376, 0.7441860465116279, 0.7674418604651163, 0.7616279069767442, 0.7674418604651163, 0.7616279069767442
7823, 0.7267441860465116, 0.7732558139534884, 0.7383720930232558, 0.7441860465116279, 0.7456647398843931, 0.75, 0.7790697674418605, 0.7674418604651163, 0.7674418604651163, 0.7732558139534884
7221, 0.7383720930232558, 0.7732558139534884, 0.7441860465116279, 0.7558139534883721, 0.7572254335260116, 0.7558139534883721, 0.7848837209302325, 0.7848837209302325, 0.7848837209302325, 0.7790697674418605
6619, 0.7383720930232558, 0.7790697674418605, 0.7441860465116279, 0.75, 0.7398843930635838, 0.7616279069767442, 0.7732558139534884, 0.7965116279069767, 0.7848837209302325, 0.7732558139534884
6017, 0.7383720930232558, 0.7790697674418605, 0.7558139534883721, 0.7558139534883721, 0.7572254335260116, 0.7558139534883721, 0.7732558139534884, 0.8197674418604651, 0.7848837209302325, 0.7674418604651163
5416, 0.7616279069767442, 0.7906976744186046, 0.75, 0.7558139534883721, 0.7745664739884393, 0.7441860465116279, 0.7790697674418605, 0.8081395348837209, 0.7790697674418605, 0.7616279069767442
4814, 0.7674418604651163, 0.7906976744186046, 0.75, 0.7558139534883721, 0.7572254335260116, 0.75, 0.7848837209302325, 0.8023255813953488, 0.7616279069767442, 0.75
4212, 0.7558139534883721, 0.7732558139534884, 0.75, 0.7616279069767442, 0.7630057803468208, 0.7674418604651163, 0.7906976744186046, 0.8023255813953488, 0.75, 0.7558139534883721
3611, 0.7558139534883721, 0.7732558139534884, 0.7732558139534884, 0.7616279069767442, 0.7803468208092486, 0.7558139534883721, 0.7848837209302325, 0.8197674418604651, 0.7558139534883721, 0.7848837209302325
3009, 0.7558139534883721, 0.7906976744186046, 0.7674418604651163, 0.7616279069767442, 0.7861271676300579, 0.7441860465116279, 0.7965116279069767, 0.8372093023255814, 0.7616279069767442, 0.7965116279069767
2407, 0.7616279069767442, 0.7674418604651163, 0.7674418604651163, 0.7732558139534884, 0.7745664739884393, 0.75, 0.7906976744186046, 0.8372093023255814, 0.75, 0.7732558139534884
1806, 0.7616279069767442, 0.7558139534883721, 0.7558139534883721, 0.7558139534883721, 0.8034682080924855, 0.7441860465116279, 0.7848837209302325, 0.8430232558139535, 0.7558139534883721, 0.7558139534883721
1204, 0.7441860465116279, 0.7441860465116279, 0.7558139534883721, 0.7790697674418605, 0.791907514450867, 0.7441860465116279, 0.7674418604651163, 0.8546511627906976, 0.7616279069767442, 0.7965116279069767
602, 0.7732558139534884, 0.7558139534883721, 0.7790697674418605, 0.7674418604651163, 0.791907514450867, 0.7732558139534884, 0.7616279069767442, 0.8255813953488372, 0.7616279069767442, 0.7616279069767442
