11433, 0.6918604651162791, 0.7151162790697675, 0.686046511627907, 0.6744186046511628, 0.6820809248554913, 0.6744186046511628, 0.7034883720930233, 0.6918604651162791, 0.7209302325581395, 0.6976744186046512
10831, 0.6976744186046512, 0.7093023255813954, 0.686046511627907, 0.6686046511627907, 0.6820809248554913, 0.6744186046511628, 0.7209302325581395, 0.6976744186046512, 0.7267441860465116, 0.6918604651162791
10229, 0.6976744186046512, 0.7093023255813954, 0.686046511627907, 0.6744186046511628, 0.6878612716763006, 0.6802325581395349, 0.7209302325581395, 0.7034883720930233, 0.7209302325581395, 0.686046511627907
9628, 0.6976744186046512, 0.7093023255813954, 0.686046511627907, 0.6744186046511628, 0.6820809248554913, 0.6744186046511628, 0.7151162790697675, 0.6976744186046512, 0.7034883720930233, 0.6744186046511628
9026, 0.6976744186046512, 0.7093023255813954, 0.6976744186046512, 0.6802325581395349, 0.6878612716763006, 0.6744186046511628, 0.7209302325581395, 0.6918604651162791, 0.6918604651162791, 0.6686046511627907
8424, 0.6976744186046512, 0.7151162790697675, 0.6918604651162791, 0.6744186046511628, 0.6763005780346821, 0.686046511627907, 0.7267441860465116, 0.6802325581395349, 0.7034883720930233, 0.6918604651162791
7823, 0.6976744186046512, 0.7151162790697675, 0.6976744186046512, 0.6744186046511628, 0.6820809248554913, 0.6802325581395349, 0.7267441860465116, 0.6976744186046512, 0.7034883720930233, 0.6976744186046512
7221, 0.6976744186046512, 0.7093023255813954, 0.6918604651162791, 0.6802325581395349, 0.6878612716763006, 0.686046511627907, 0.7267441860465116, 0.7034883720930233, 0.6976744186046512, 0.6976744186046512
6619, 0.6918604651162791, 0.7267441860465116, 0.686046511627907, 0.6744186046511628, 0.6936416184971098, 0.6744186046511628, 0.7267441860465116, 0.6976744186046512, 0.7093023255813954, 0.7034883720930233
6017, 0.6918604651162791, 0.7325581395348837, 0.6918604651162791, 0.6627906976744186, 0.6820809248554913, 0.6802325581395349, 0.7151162790697675, 0.7034883720930233, 0.6976744186046512, 0.6918604651162791
5416, 0.6918604651162791, 0.7267441860465116, 0.6976744186046512, 0.6627906976744186, 0.6763005780346821, 0.6976744186046512, 0.7267441860465116, 0.7034883720930233, 0.6918604651162791, 0.7034883720930233
4814, 0.6918604651162791, 0.75, 0.7209302325581395, 0.6744186046511628, 0.6878612716763006, 0.6918604651162791, 0.7267441860465116, 0.7034883720930233, 0.6976744186046512, 0.7093023255813954
4212, 0.6918604651162791, 0.75, 0.7034883720930233, 0.6627906976744186, 0.6820809248554913, 0.6918604651162791, 0.7267441860465116, 0.6802325581395349, 0.6976744186046512, 0.6976744186046512
3611, 0.6918604651162791, 0.7558139534883721, 0.6918604651162791, 0.6686046511627907, 0.7052023121387283, 0.6918604651162791, 0.7151162790697675, 0.6976744186046512, 0.7093023255813954, 0.686046511627907
3009, 0.686046511627907, 0.7616279069767442, 0.6976744186046512, 0.6569767441860465, 0.7052023121387283, 0.6744186046511628, 0.7209302325581395, 0.686046511627907, 0.6918604651162791, 0.6569767441860465
2407, 0.686046511627907, 0.7558139534883721, 0.7093023255813954, 0.6627906976744186, 0.7225433526011561, 0.6976744186046512, 0.7325581395348837, 0.6918604651162791, 0.7209302325581395, 0.6627906976744186
1806, 0.686046511627907, 0.75, 0.7093023255813954, 0.6802325581395349, 0.7398843930635838, 0.6802325581395349, 0.7383720930232558, 0.6918604651162791, 0.7034883720930233, 0.6453488372093024
1204, 0.7034883720930233, 0.75, 0.6918604651162791, 0.6976744186046512, 0.7803468208092486, 0.6744186046511628, 0.7441860465116279, 0.7034883720930233, 0.686046511627907, 0.7093023255813954
602, 0.6976744186046512, 0.7383720930232558, 0.6976744186046512, 0.7267441860465116, 0.7109826589595376, 0.6918604651162791, 0.7325581395348837, 0.7151162790697675, 0.7093023255813954, 0.7441860465116279
