11433, 0.7151162790697675, 0.7383720930232558, 0.7325581395348837, 0.7034883720930233, 0.7052023121387283, 0.7151162790697675, 0.75, 0.7325581395348837, 0.7383720930232558, 0.7209302325581395
10831, 0.7209302325581395, 0.7383720930232558, 0.7325581395348837, 0.7093023255813954, 0.7167630057803468, 0.7209302325581395, 0.7383720930232558, 0.7325581395348837, 0.75, 0.7267441860465116
10229, 0.7267441860465116, 0.7383720930232558, 0.7325581395348837, 0.7093023255813954, 0.7109826589595376, 0.7209302325581395, 0.7325581395348837, 0.7325581395348837, 0.7441860465116279, 0.7209302325581395
9628, 0.7209302325581395, 0.7325581395348837, 0.7267441860465116, 0.7034883720930233, 0.7052023121387283, 0.7093023255813954, 0.7209302325581395, 0.7151162790697675, 0.7267441860465116, 0.7034883720930233
9026, 0.7093023255813954, 0.7325581395348837, 0.7383720930232558, 0.7093023255813954, 0.7052023121387283, 0.7151162790697675, 0.7325581395348837, 0.7209302325581395, 0.7209302325581395, 0.6918604651162791
8424, 0.7093023255813954, 0.7383720930232558, 0.7441860465116279, 0.6918604651162791, 0.6994219653179191, 0.7209302325581395, 0.7325581395348837, 0.7325581395348837, 0.7267441860465116, 0.7034883720930233
7823, 0.7034883720930233, 0.7383720930232558, 0.7441860465116279, 0.7034883720930233, 0.7052023121387283, 0.7151162790697675, 0.7383720930232558, 0.7383720930232558, 0.7209302325581395, 0.7034883720930233
7221, 0.6918604651162791, 0.7441860465116279, 0.7441860465116279, 0.7093023255813954, 0.7109826589595376, 0.7151162790697675, 0.7383720930232558, 0.75, 0.7267441860465116, 0.7151162790697675
6619, 0.6976744186046512, 0.7441860465116279, 0.7441860465116279, 0.7151162790697675, 0.7109826589595376, 0.7151162790697675, 0.7325581395348837, 0.7441860465116279, 0.7325581395348837, 0.7093023255813954
6017, 0.7093023255813954, 0.7325581395348837, 0.7558139534883721, 0.7151162790697675, 0.7167630057803468, 0.7209302325581395, 0.7383720930232558, 0.75, 0.7325581395348837, 0.7151162790697675
5416, 0.7151162790697675, 0.7732558139534884, 0.7616279069767442, 0.7151162790697675, 0.7398843930635838, 0.7383720930232558, 0.7441860465116279, 0.75, 0.75, 0.7267441860465116
4814, 0.7325581395348837, 0.7674418604651163, 0.7732558139534884, 0.7267441860465116, 0.7456647398843931, 0.7325581395348837, 0.7441860465116279, 0.7558139534883721, 0.7558139534883721, 0.7383720930232558
4212, 0.7383720930232558, 0.7848837209302325, 0.7616279069767442, 0.7267441860465116, 0.7456647398843931, 0.7383720930232558, 0.7383720930232558, 0.7267441860465116, 0.7441860465116279, 0.7267441860465116
3611, 0.7383720930232558, 0.7848837209302325, 0.7616279069767442, 0.7325581395348837, 0.7572254335260116, 0.75, 0.7558139534883721, 0.75, 0.7558139534883721, 0.7325581395348837
3009, 0.7441860465116279, 0.7848837209302325, 0.7558139534883721, 0.7325581395348837, 0.7630057803468208, 0.7558139534883721, 0.7441860465116279, 0.7674418604651163, 0.7616279069767442, 0.7151162790697675
2407, 0.75, 0.7965116279069767, 0.7558139534883721, 0.7383720930232558, 0.7572254335260116, 0.7383720930232558, 0.75, 0.7674418604651163, 0.7558139534883721, 0.7151162790697675
1806, 0.7325581395348837, 0.8023255813953488, 0.7558139534883721, 0.7441860465116279, 0.7687861271676301, 0.7383720930232558, 0.7558139534883721, 0.7965116279069767, 0.7383720930232558, 0.7267441860465116
1204, 0.7558139534883721, 0.7674418604651163, 0.7732558139534884, 0.7383720930232558, 0.7745664739884393, 0.7383720930232558, 0.7441860465116279, 0.7965116279069767, 0.7441860465116279, 0.7674418604651163
602, 0.7441860465116279, 0.7441860465116279, 0.7616279069767442, 0.7267441860465116, 0.8034682080924855, 0.75, 0.7732558139534884, 0.7965116279069767, 0.7383720930232558, 0.7616279069767442
