10380, 0.8989169675090253, 0.9205776173285198, 0.924187725631769, 0.8880866425992779, 0.9133574007220217, 0.8913043478260869, 0.8989169675090253, 0.9205776173285198, 0.8808664259927798, 0.8989169675090253
9834, 0.8989169675090253, 0.9097472924187726, 0.924187725631769, 0.8844765342960289, 0.9133574007220217, 0.8913043478260869, 0.8953068592057761, 0.9205776173285198, 0.8772563176895307, 0.8989169675090253
9288, 0.8953068592057761, 0.9133574007220217, 0.927797833935018, 0.8916967509025271, 0.927797833935018, 0.8913043478260869, 0.8953068592057761, 0.9205776173285198, 0.8844765342960289, 0.8953068592057761
8741, 0.8989169675090253, 0.9133574007220217, 0.927797833935018, 0.9061371841155235, 0.9314079422382672, 0.8985507246376812, 0.8989169675090253, 0.9169675090252708, 0.8808664259927798, 0.8953068592057761
8195, 0.8989169675090253, 0.9025270758122743, 0.927797833935018, 0.9061371841155235, 0.9350180505415162, 0.9021739130434783, 0.9025270758122743, 0.9097472924187726, 0.8808664259927798, 0.8989169675090253
7649, 0.9025270758122743, 0.9061371841155235, 0.9314079422382672, 0.9133574007220217, 0.9386281588447654, 0.9021739130434783, 0.9061371841155235, 0.9133574007220217, 0.8880866425992779, 0.8916967509025271
7102, 0.9061371841155235, 0.9097472924187726, 0.9314079422382672, 0.9169675090252708, 0.9386281588447654, 0.9021739130434783, 0.9097472924187726, 0.9169675090252708, 0.8916967509025271, 0.8989169675090253
6556, 0.9061371841155235, 0.9097472924187726, 0.9314079422382672, 0.924187725631769, 0.9422382671480144, 0.9057971014492754, 0.9169675090252708, 0.9205776173285198, 0.9025270758122743, 0.9061371841155235
6010, 0.9061371841155235, 0.9169675090252708, 0.9314079422382672, 0.9314079422382672, 0.9422382671480144, 0.9094202898550725, 0.924187725631769, 0.9169675090252708, 0.9025270758122743, 0.9097472924187726
5463, 0.9061371841155235, 0.9169675090252708, 0.927797833935018, 0.9350180505415162, 0.9494584837545126, 0.9094202898550725, 0.9314079422382672, 0.924187725631769, 0.9061371841155235, 0.9133574007220217
4917, 0.9025270758122743, 0.9169675090252708, 0.9314079422382672, 0.9314079422382672, 0.9422382671480144, 0.9130434782608695, 0.924187725631769, 0.9314079422382672, 0.9061371841155235, 0.9133574007220217
4371, 0.9097472924187726, 0.9205776173285198, 0.9205776173285198, 0.9314079422382672, 0.9422382671480144, 0.9202898550724637, 0.9205776173285198, 0.924187725631769, 0.8953068592057761, 0.9097472924187726
3825, 0.9061371841155235, 0.9205776173285198, 0.9133574007220217, 0.924187725631769, 0.9422382671480144, 0.9166666666666666, 0.9133574007220217, 0.924187725631769, 0.8916967509025271, 0.9097472924187726
3278, 0.8916967509025271, 0.9205776173285198, 0.9097472924187726, 0.9205776173285198, 0.9386281588447654, 0.9166666666666666, 0.927797833935018, 0.927797833935018, 0.8916967509025271, 0.9061371841155235
2732, 0.8989169675090253, 0.9205776173285198, 0.9061371841155235, 0.927797833935018, 0.9386281588447654, 0.9166666666666666, 0.9205776173285198, 0.927797833935018, 0.8880866425992779, 0.9133574007220217
2186, 0.9025270758122743, 0.9169675090252708, 0.8953068592057761, 0.924187725631769, 0.9350180505415162, 0.9057971014492754, 0.9169675090252708, 0.9205776173285198, 0.8844765342960289, 0.9097472924187726
1639, 0.8916967509025271, 0.9205776173285198, 0.9025270758122743, 0.927797833935018, 0.927797833935018, 0.9021739130434783, 0.9169675090252708, 0.9133574007220217, 0.8844765342960289, 0.8989169675090253
1093, 0.8953068592057761, 0.9205776173285198, 0.8880866425992779, 0.9169675090252708, 0.9097472924187726, 0.9094202898550725, 0.9133574007220217, 0.9097472924187726, 0.8736462093862816, 0.9061371841155235
547, 0.8916967509025271, 0.8989169675090253, 0.8772563176895307, 0.9061371841155235, 0.9097472924187726, 0.894927536231884, 0.8808664259927798, 0.8880866425992779, 0.8592057761732852, 0.8808664259927798
