10380, 0.8989169675090253, 0.9205776173285198, 0.924187725631769, 0.8880866425992779, 0.9133574007220217, 0.8913043478260869, 0.8989169675090253, 0.9205776173285198, 0.8808664259927798, 0.8953068592057761
9834, 0.8953068592057761, 0.9097472924187726, 0.9205776173285198, 0.8844765342960289, 0.9133574007220217, 0.8913043478260869, 0.8916967509025271, 0.9133574007220217, 0.8736462093862816, 0.8953068592057761
9288, 0.8916967509025271, 0.9097472924187726, 0.924187725631769, 0.8916967509025271, 0.9169675090252708, 0.8913043478260869, 0.8916967509025271, 0.9133574007220217, 0.8772563176895307, 0.8953068592057761
8741, 0.8953068592057761, 0.9061371841155235, 0.9169675090252708, 0.8916967509025271, 0.9097472924187726, 0.8876811594202898, 0.8916967509025271, 0.9133574007220217, 0.8628158844765343, 0.8953068592057761
8195, 0.8880866425992779, 0.8953068592057761, 0.9025270758122743, 0.8808664259927798, 0.9169675090252708, 0.8768115942028986, 0.8844765342960289, 0.9025270758122743, 0.8592057761732852, 0.8880866425992779
7649, 0.8844765342960289, 0.8916967509025271, 0.8989169675090253, 0.8880866425992779, 0.9169675090252708, 0.8731884057971014, 0.8880866425992779, 0.9061371841155235, 0.8592057761732852, 0.8844765342960289
7102, 0.8916967509025271, 0.9025270758122743, 0.9061371841155235, 0.8953068592057761, 0.9097472924187726, 0.8731884057971014, 0.8916967509025271, 0.9025270758122743, 0.855595667870036, 0.8736462093862816
6556, 0.8953068592057761, 0.9025270758122743, 0.9061371841155235, 0.8880866425992779, 0.9169675090252708, 0.8804347826086957, 0.8953068592057761, 0.9061371841155235, 0.8447653429602888, 0.8844765342960289
6010, 0.8844765342960289, 0.9025270758122743, 0.9025270758122743, 0.8989169675090253, 0.9205776173285198, 0.8804347826086957, 0.8880866425992779, 0.8953068592057761, 0.8483754512635379, 0.8772563176895307
5463, 0.8880866425992779, 0.9025270758122743, 0.8989169675090253, 0.9097472924187726, 0.9205776173285198, 0.8840579710144928, 0.8844765342960289, 0.8916967509025271, 0.855595667870036, 0.8844765342960289
4917, 0.8844765342960289, 0.9061371841155235, 0.9025270758122743, 0.9025270758122743, 0.9205776173285198, 0.8913043478260869, 0.8808664259927798, 0.8953068592057761, 0.8628158844765343, 0.8772563176895307
4371, 0.8880866425992779, 0.8989169675090253, 0.8916967509025271, 0.9169675090252708, 0.924187725631769, 0.8876811594202898, 0.8844765342960289, 0.9025270758122743, 0.8483754512635379, 0.8880866425992779
3825, 0.8772563176895307, 0.8953068592057761, 0.8989169675090253, 0.9169675090252708, 0.924187725631769, 0.8876811594202898, 0.8916967509025271, 0.9025270758122743, 0.8592057761732852, 0.8880866425992779
3278, 0.8700361010830325, 0.8916967509025271, 0.8953068592057761, 0.9205776173285198, 0.9169675090252708, 0.894927536231884, 0.8916967509025271, 0.8953068592057761, 0.8628158844765343, 0.8880866425992779
2732, 0.8808664259927798, 0.8953068592057761, 0.8953068592057761, 0.9169675090252708, 0.924187725631769, 0.894927536231884, 0.8953068592057761, 0.9025270758122743, 0.8592057761732852, 0.8844765342960289
2186, 0.8772563176895307, 0.8916967509025271, 0.8916967509025271, 0.9205776173285198, 0.9314079422382672, 0.9057971014492754, 0.8916967509025271, 0.9025270758122743, 0.8628158844765343, 0.8844765342960289
1639, 0.8772563176895307, 0.9025270758122743, 0.8953068592057761, 0.9133574007220217, 0.924187725631769, 0.9021739130434783, 0.8953068592057761, 0.9097472924187726, 0.8772563176895307, 0.8880866425992779
1093, 0.8844765342960289, 0.8989169675090253, 0.8989169675090253, 0.9133574007220217, 0.9133574007220217, 0.8985507246376812, 0.8953068592057761, 0.9133574007220217, 0.8772563176895307, 0.8916967509025271
547, 0.8844765342960289, 0.9169675090252708, 0.8953068592057761, 0.8880866425992779, 0.9061371841155235, 0.9094202898550725, 0.9097472924187726, 0.9025270758122743, 0.8772563176895307, 0.8989169675090253
