10380, 0.8989169675090253, 0.9205776173285198, 0.924187725631769, 0.8916967509025271, 0.9133574007220217, 0.894927536231884, 0.8989169675090253, 0.9205776173285198, 0.8808664259927798, 0.8989169675090253
9834, 0.9025270758122743, 0.9133574007220217, 0.924187725631769, 0.8880866425992779, 0.9133574007220217, 0.8913043478260869, 0.8953068592057761, 0.9205776173285198, 0.8808664259927798, 0.8953068592057761
9288, 0.8989169675090253, 0.9097472924187726, 0.924187725631769, 0.8953068592057761, 0.9169675090252708, 0.8913043478260869, 0.8953068592057761, 0.9205776173285198, 0.8808664259927798, 0.8953068592057761
8741, 0.8989169675090253, 0.9061371841155235, 0.9169675090252708, 0.8953068592057761, 0.9133574007220217, 0.894927536231884, 0.8953068592057761, 0.9133574007220217, 0.8700361010830325, 0.8953068592057761
8195, 0.8989169675090253, 0.9025270758122743, 0.9205776173285198, 0.8916967509025271, 0.9205776173285198, 0.8913043478260869, 0.8953068592057761, 0.9025270758122743, 0.8664259927797834, 0.8880866425992779
7649, 0.8953068592057761, 0.9025270758122743, 0.9205776173285198, 0.8953068592057761, 0.924187725631769, 0.8913043478260869, 0.8953068592057761, 0.9097472924187726, 0.8736462093862816, 0.8916967509025271
7102, 0.8989169675090253, 0.9097472924187726, 0.9133574007220217, 0.9025270758122743, 0.9205776173285198, 0.8876811594202898, 0.8989169675090253, 0.9097472924187726, 0.8736462093862816, 0.8953068592057761
6556, 0.8989169675090253, 0.9097472924187726, 0.9169675090252708, 0.9097472924187726, 0.927797833935018, 0.8913043478260869, 0.9097472924187726, 0.9097472924187726, 0.8880866425992779, 0.8916967509025271
6010, 0.8916967509025271, 0.9097472924187726, 0.9205776173285198, 0.924187725631769, 0.9386281588447654, 0.9021739130434783, 0.9061371841155235, 0.9133574007220217, 0.8844765342960289, 0.8953068592057761
5463, 0.8844765342960289, 0.9025270758122743, 0.9169675090252708, 0.924187725631769, 0.9314079422382672, 0.9021739130434783, 0.9097472924187726, 0.9169675090252708, 0.8844765342960289, 0.8953068592057761
4917, 0.8880866425992779, 0.8989169675090253, 0.9097472924187726, 0.924187725631769, 0.9386281588447654, 0.9021739130434783, 0.9097472924187726, 0.9169675090252708, 0.8844765342960289, 0.8916967509025271
4371, 0.8808664259927798, 0.9061371841155235, 0.9025270758122743, 0.9169675090252708, 0.927797833935018, 0.9021739130434783, 0.9097472924187726, 0.9205776173285198, 0.8953068592057761, 0.8953068592057761
3825, 0.8808664259927798, 0.9133574007220217, 0.8953068592057761, 0.9097472924187726, 0.924187725631769, 0.9057971014492754, 0.9205776173285198, 0.9133574007220217, 0.8808664259927798, 0.8989169675090253
3278, 0.8808664259927798, 0.9061371841155235, 0.9061371841155235, 0.9061371841155235, 0.927797833935018, 0.8985507246376812, 0.9205776173285198, 0.9205776173285198, 0.8808664259927798, 0.8953068592057761
2732, 0.8808664259927798, 0.9205776173285198, 0.8989169675090253, 0.9169675090252708, 0.9386281588447654, 0.894927536231884, 0.9097472924187726, 0.9169675090252708, 0.8736462093862816, 0.8953068592057761
2186, 0.8772563176895307, 0.9097472924187726, 0.8916967509025271, 0.9205776173285198, 0.9205776173285198, 0.8985507246376812, 0.9061371841155235, 0.9097472924187726, 0.8592057761732852, 0.8808664259927798
1639, 0.8880866425992779, 0.9025270758122743, 0.8844765342960289, 0.9205776173285198, 0.9061371841155235, 0.8804347826086957, 0.8953068592057761, 0.8989169675090253, 0.8736462093862816, 0.8808664259927798
1093, 0.8989169675090253, 0.9061371841155235, 0.8736462093862816, 0.9133574007220217, 0.8880866425992779, 0.894927536231884, 0.8808664259927798, 0.9025270758122743, 0.855595667870036, 0.8736462093862816
547, 0.8844765342960289, 0.8953068592057761, 0.8736462093862816, 0.8844765342960289, 0.8916967509025271, 0.8876811594202898, 0.8844765342960289, 0.8808664259927798, 0.855595667870036, 0.8916967509025271
