13119, 0.6386554621848739, 0.5462184873949579, 0.5847457627118644, 0.5630252100840336, 0.6134453781512605, 0.6554621848739496, 0.6218487394957983, 0.5677966101694916, 0.5798319327731093, 0.6386554621848739
12429, 0.6386554621848739, 0.5714285714285714, 0.5847457627118644, 0.5378151260504201, 0.6218487394957983, 0.6470588235294118, 0.6302521008403361, 0.5932203389830508, 0.5966386554621849, 0.6386554621848739
11738, 0.6554621848739496, 0.5630252100840336, 0.576271186440678, 0.5378151260504201, 0.6302521008403361, 0.6638655462184874, 0.6302521008403361, 0.6101694915254238, 0.5882352941176471, 0.6470588235294118
11048, 0.6470588235294118, 0.5798319327731093, 0.576271186440678, 0.5546218487394958, 0.6386554621848739, 0.6638655462184874, 0.6302521008403361, 0.6101694915254238, 0.5882352941176471, 0.6554621848739496
10357, 0.6554621848739496, 0.5882352941176471, 0.576271186440678, 0.5714285714285714, 0.6554621848739496, 0.6722689075630253, 0.6470588235294118, 0.6186440677966102, 0.5882352941176471, 0.6638655462184874
9667, 0.6890756302521008, 0.5882352941176471, 0.5847457627118644, 0.5714285714285714, 0.6470588235294118, 0.6890756302521008, 0.6554621848739496, 0.6101694915254238, 0.5966386554621849, 0.6638655462184874
8976, 0.6974789915966386, 0.5882352941176471, 0.5847457627118644, 0.5630252100840336, 0.6554621848739496, 0.7310924369747899, 0.6470588235294118, 0.6271186440677966, 0.5966386554621849, 0.6722689075630253
8286, 0.6974789915966386, 0.5966386554621849, 0.6101694915254238, 0.5966386554621849, 0.6722689075630253, 0.7310924369747899, 0.6470588235294118, 0.635593220338983, 0.6302521008403361, 0.7058823529411765
7595, 0.7226890756302521, 0.5966386554621849, 0.6186440677966102, 0.6134453781512605, 0.6554621848739496, 0.7394957983193278, 0.6386554621848739, 0.6186440677966102, 0.6386554621848739, 0.7142857142857143
6905, 0.6890756302521008, 0.5882352941176471, 0.6271186440677966, 0.6134453781512605, 0.6554621848739496, 0.7478991596638656, 0.6638655462184874, 0.5932203389830508, 0.680672268907563, 0.6974789915966386
6215, 0.6974789915966386, 0.5966386554621849, 0.635593220338983, 0.6470588235294118, 0.6554621848739496, 0.7563025210084033, 0.6638655462184874, 0.6101694915254238, 0.6890756302521008, 0.7142857142857143
5524, 0.6638655462184874, 0.6134453781512605, 0.652542372881356, 0.6638655462184874, 0.6722689075630253, 0.7563025210084033, 0.6722689075630253, 0.6016949152542372, 0.6890756302521008, 0.7058823529411765
4834, 0.6722689075630253, 0.6722689075630253, 0.6779661016949152, 0.680672268907563, 0.6974789915966386, 0.773109243697479, 0.680672268907563, 0.6186440677966102, 0.7058823529411765, 0.7058823529411765
4143, 0.6302521008403361, 0.6554621848739496, 0.6864406779661016, 0.6722689075630253, 0.680672268907563, 0.7983193277310925, 0.7058823529411765, 0.6186440677966102, 0.680672268907563, 0.6974789915966386
3453, 0.6386554621848739, 0.7058823529411765, 0.6694915254237288, 0.6638655462184874, 0.6974789915966386, 0.7983193277310925, 0.7142857142857143, 0.652542372881356, 0.6890756302521008, 0.7478991596638656
2762, 0.6386554621848739, 0.7058823529411765, 0.6779661016949152, 0.6974789915966386, 0.6638655462184874, 0.773109243697479, 0.6890756302521008, 0.635593220338983, 0.6722689075630253, 0.7394957983193278
2072, 0.6302521008403361, 0.6974789915966386, 0.635593220338983, 0.6470588235294118, 0.6554621848739496, 0.7478991596638656, 0.7058823529411765, 0.635593220338983, 0.6302521008403361, 0.7142857142857143
1381, 0.6218487394957983, 0.6386554621848739, 0.6016949152542372, 0.6722689075630253, 0.6302521008403361, 0.7563025210084033, 0.7226890756302521, 0.6186440677966102, 0.5798319327731093, 0.6974789915966386
691, 0.48739495798319327, 0.5882352941176471, 0.5254237288135594, 0.5546218487394958, 0.5462184873949579, 0.6470588235294118, 0.6134453781512605, 0.576271186440678, 0.5210084033613446, 0.6386554621848739
