13119, 0.6386554621848739, 0.5294117647058824, 0.559322033898305, 0.5546218487394958, 0.5798319327731093, 0.6470588235294118, 0.6050420168067226, 0.5677966101694916, 0.5630252100840336, 0.6134453781512605
12429, 0.6302521008403361, 0.5462184873949579, 0.576271186440678, 0.5378151260504201, 0.5798319327731093, 0.6386554621848739, 0.6050420168067226, 0.5847457627118644, 0.5714285714285714, 0.6050420168067226
11738, 0.6302521008403361, 0.5462184873949579, 0.559322033898305, 0.5294117647058824, 0.5882352941176471, 0.6302521008403361, 0.6050420168067226, 0.5932203389830508, 0.5630252100840336, 0.6050420168067226
11048, 0.6302521008403361, 0.5546218487394958, 0.5508474576271186, 0.5042016806722689, 0.5882352941176471, 0.6218487394957983, 0.5882352941176471, 0.576271186440678, 0.5546218487394958, 0.6302521008403361
10357, 0.6218487394957983, 0.5462184873949579, 0.5508474576271186, 0.48739495798319327, 0.5882352941176471, 0.6302521008403361, 0.5882352941176471, 0.5508474576271186, 0.5378151260504201, 0.6470588235294118
9667, 0.5882352941176471, 0.5210084033613446, 0.5423728813559322, 0.4789915966386555, 0.5966386554621849, 0.6302521008403361, 0.5630252100840336, 0.5254237288135594, 0.5462184873949579, 0.6218487394957983
8976, 0.5882352941176471, 0.5042016806722689, 0.5338983050847458, 0.48739495798319327, 0.5798319327731093, 0.6302521008403361, 0.5798319327731093, 0.5, 0.5378151260504201, 0.6134453781512605
8286, 0.5882352941176471, 0.5126050420168067, 0.5508474576271186, 0.4957983193277311, 0.5798319327731093, 0.6470588235294118, 0.5882352941176471, 0.4915254237288136, 0.5630252100840336, 0.6302521008403361
7595, 0.6050420168067226, 0.5126050420168067, 0.5847457627118644, 0.5042016806722689, 0.5966386554621849, 0.6470588235294118, 0.5798319327731093, 0.5, 0.5630252100840336, 0.6050420168067226
6905, 0.6134453781512605, 0.5378151260504201, 0.5932203389830508, 0.5462184873949579, 0.6050420168067226, 0.6470588235294118, 0.6050420168067226, 0.4915254237288136, 0.5714285714285714, 0.6218487394957983
6215, 0.6218487394957983, 0.5462184873949579, 0.6016949152542372, 0.5630252100840336, 0.6134453781512605, 0.6722689075630253, 0.6050420168067226, 0.5084745762711864, 0.5798319327731093, 0.6134453781512605
5524, 0.6386554621848739, 0.5546218487394958, 0.6186440677966102, 0.6050420168067226, 0.6134453781512605, 0.6974789915966386, 0.6134453781512605, 0.5084745762711864, 0.5882352941176471, 0.6218487394957983
4834, 0.6638655462184874, 0.5294117647058824, 0.6271186440677966, 0.6050420168067226, 0.5966386554621849, 0.7142857142857143, 0.6302521008403361, 0.5169491525423728, 0.5798319327731093, 0.6134453781512605
4143, 0.7058823529411765, 0.5462184873949579, 0.6101694915254238, 0.5882352941176471, 0.6134453781512605, 0.7058823529411765, 0.6470588235294118, 0.5338983050847458, 0.5966386554621849, 0.6134453781512605
3453, 0.6722689075630253, 0.5462184873949579, 0.6186440677966102, 0.6050420168067226, 0.6302521008403361, 0.7058823529411765, 0.6386554621848739, 0.5254237288135594, 0.5546218487394958, 0.6302521008403361
2762, 0.6554621848739496, 0.5462184873949579, 0.6186440677966102, 0.6050420168067226, 0.6218487394957983, 0.7142857142857143, 0.6386554621848739, 0.5508474576271186, 0.5714285714285714, 0.6554621848739496
2072, 0.6386554621848739, 0.5378151260504201, 0.6101694915254238, 0.5798319327731093, 0.6134453781512605, 0.6890756302521008, 0.6554621848739496, 0.5508474576271186, 0.5630252100840336, 0.6050420168067226
1381, 0.6722689075630253, 0.5294117647058824, 0.6101694915254238, 0.5882352941176471, 0.6218487394957983, 0.6638655462184874, 0.5966386554621849, 0.5423728813559322, 0.5462184873949579, 0.6302521008403361
691, 0.5462184873949579, 0.4789915966386555, 0.559322033898305, 0.48739495798319327, 0.5462184873949579, 0.5966386554621849, 0.5630252100840336, 0.5, 0.5126050420168067, 0.5714285714285714
