10380, 0.8808664259927798, 0.8880866425992779, 0.8772563176895307, 0.8989169675090253, 0.8664259927797834, 0.8731884057971014, 0.8736462093862816, 0.8880866425992779, 0.8700361010830325, 0.9205776173285198
9834, 0.8772563176895307, 0.8844765342960289, 0.8808664259927798, 0.8953068592057761, 0.8592057761732852, 0.8659420289855072, 0.8736462093862816, 0.8916967509025271, 0.8664259927797834, 0.9205776173285198
9288, 0.8736462093862816, 0.8808664259927798, 0.8772563176895307, 0.8880866425992779, 0.8483754512635379, 0.8586956521739131, 0.8700361010830325, 0.8880866425992779, 0.8628158844765343, 0.9097472924187726
8741, 0.8772563176895307, 0.8700361010830325, 0.8700361010830325, 0.8844765342960289, 0.8447653429602888, 0.8514492753623188, 0.8628158844765343, 0.8772563176895307, 0.8664259927797834, 0.9133574007220217
8195, 0.8772563176895307, 0.8700361010830325, 0.8664259927797834, 0.8844765342960289, 0.8411552346570397, 0.8514492753623188, 0.8664259927797834, 0.8700361010830325, 0.851985559566787, 0.9061371841155235
7649, 0.8772563176895307, 0.8772563176895307, 0.8592057761732852, 0.8880866425992779, 0.851985559566787, 0.855072463768116, 0.8844765342960289, 0.8808664259927798, 0.8483754512635379, 0.9061371841155235
7102, 0.8736462093862816, 0.8844765342960289, 0.8628158844765343, 0.8880866425992779, 0.855595667870036, 0.855072463768116, 0.8808664259927798, 0.8808664259927798, 0.855595667870036, 0.9097472924187726
6556, 0.8736462093862816, 0.8808664259927798, 0.8700361010830325, 0.8953068592057761, 0.855595667870036, 0.855072463768116, 0.8880866425992779, 0.8808664259927798, 0.8483754512635379, 0.9061371841155235
6010, 0.8736462093862816, 0.8664259927797834, 0.8808664259927798, 0.9025270758122743, 0.855595667870036, 0.855072463768116, 0.8772563176895307, 0.8736462093862816, 0.8339350180505415, 0.9025270758122743
5463, 0.8628158844765343, 0.8736462093862816, 0.8772563176895307, 0.9025270758122743, 0.851985559566787, 0.8586956521739131, 0.8700361010830325, 0.8772563176895307, 0.8483754512635379, 0.9025270758122743
4917, 0.855595667870036, 0.8772563176895307, 0.8664259927797834, 0.8844765342960289, 0.8411552346570397, 0.855072463768116, 0.8664259927797834, 0.8808664259927798, 0.851985559566787, 0.8989169675090253
4371, 0.8592057761732852, 0.8736462093862816, 0.8628158844765343, 0.8772563176895307, 0.8447653429602888, 0.8586956521739131, 0.8700361010830325, 0.8736462093862816, 0.8411552346570397, 0.8916967509025271
3825, 0.8700361010830325, 0.8664259927797834, 0.855595667870036, 0.8700361010830325, 0.8339350180505415, 0.855072463768116, 0.8592057761732852, 0.8808664259927798, 0.8411552346570397, 0.8953068592057761
3278, 0.855595667870036, 0.8664259927797834, 0.851985559566787, 0.8664259927797834, 0.8339350180505415, 0.8514492753623188, 0.8447653429602888, 0.8628158844765343, 0.8303249097472925, 0.8880866425992779
2732, 0.8411552346570397, 0.8700361010830325, 0.851985559566787, 0.8700361010830325, 0.8194945848375451, 0.8514492753623188, 0.8483754512635379, 0.8483754512635379, 0.8267148014440433, 0.8844765342960289
2186, 0.8267148014440433, 0.8700361010830325, 0.8483754512635379, 0.8592057761732852, 0.8122743682310469, 0.855072463768116, 0.8267148014440433, 0.8411552346570397, 0.8050541516245487, 0.855595667870036
1639, 0.8158844765342961, 0.8628158844765343, 0.8447653429602888, 0.855595667870036, 0.8086642599277978, 0.8369565217391305, 0.8050541516245487, 0.8411552346570397, 0.8267148014440433, 0.8447653429602888
1093, 0.8339350180505415, 0.8339350180505415, 0.8375451263537906, 0.8339350180505415, 0.8086642599277978, 0.8369565217391305, 0.8122743682310469, 0.8194945848375451, 0.7942238267148014, 0.8339350180505415
547, 0.8014440433212996, 0.8339350180505415, 0.8158844765342961, 0.8086642599277978, 0.8122743682310469, 0.7971014492753623, 0.7978339350180506, 0.7870036101083032, 0.7689530685920578, 0.8086642599277978
