10380, 0.8772563176895307, 0.8844765342960289, 0.8736462093862816, 0.9025270758122743, 0.8664259927797834, 0.8586956521739131, 0.8736462093862816, 0.8880866425992779, 0.8664259927797834, 0.9097472924187726
9834, 0.8772563176895307, 0.8772563176895307, 0.8772563176895307, 0.8880866425992779, 0.855595667870036, 0.855072463768116, 0.8664259927797834, 0.8880866425992779, 0.8592057761732852, 0.9169675090252708
9288, 0.8736462093862816, 0.8700361010830325, 0.8736462093862816, 0.8808664259927798, 0.8483754512635379, 0.8478260869565217, 0.8664259927797834, 0.8844765342960289, 0.8592057761732852, 0.9097472924187726
8741, 0.8592057761732852, 0.855595667870036, 0.8664259927797834, 0.8736462093862816, 0.8375451263537906, 0.8333333333333334, 0.8447653429602888, 0.8700361010830325, 0.855595667870036, 0.9061371841155235
8195, 0.851985559566787, 0.8411552346570397, 0.8483754512635379, 0.8592057761732852, 0.8303249097472925, 0.8297101449275363, 0.8375451263537906, 0.8664259927797834, 0.8411552346570397, 0.8880866425992779
7649, 0.8483754512635379, 0.8375451263537906, 0.8411552346570397, 0.8628158844765343, 0.8447653429602888, 0.8333333333333334, 0.851985559566787, 0.8664259927797834, 0.8375451263537906, 0.8808664259927798
7102, 0.851985559566787, 0.8375451263537906, 0.851985559566787, 0.8664259927797834, 0.8375451263537906, 0.8478260869565217, 0.851985559566787, 0.8628158844765343, 0.8483754512635379, 0.8736462093862816
6556, 0.8483754512635379, 0.8447653429602888, 0.8483754512635379, 0.8700361010830325, 0.855595667870036, 0.8514492753623188, 0.8411552346570397, 0.8592057761732852, 0.8447653429602888, 0.8700361010830325
6010, 0.8411552346570397, 0.8483754512635379, 0.8664259927797834, 0.8808664259927798, 0.8483754512635379, 0.8659420289855072, 0.8411552346570397, 0.8664259927797834, 0.8375451263537906, 0.8844765342960289
5463, 0.851985559566787, 0.8592057761732852, 0.8592057761732852, 0.8916967509025271, 0.851985559566787, 0.8659420289855072, 0.8483754512635379, 0.8628158844765343, 0.8375451263537906, 0.8916967509025271
4917, 0.851985559566787, 0.8664259927797834, 0.8628158844765343, 0.8844765342960289, 0.855595667870036, 0.8623188405797102, 0.8483754512635379, 0.8664259927797834, 0.8375451263537906, 0.8916967509025271
4371, 0.855595667870036, 0.8700361010830325, 0.855595667870036, 0.8844765342960289, 0.855595667870036, 0.8695652173913043, 0.855595667870036, 0.851985559566787, 0.8375451263537906, 0.8916967509025271
3825, 0.855595667870036, 0.8664259927797834, 0.8592057761732852, 0.8844765342960289, 0.8628158844765343, 0.8804347826086957, 0.851985559566787, 0.851985559566787, 0.8592057761732852, 0.8953068592057761
3278, 0.851985559566787, 0.8772563176895307, 0.8411552346570397, 0.8953068592057761, 0.8628158844765343, 0.8840579710144928, 0.8447653429602888, 0.851985559566787, 0.8592057761732852, 0.8953068592057761
2732, 0.8411552346570397, 0.8772563176895307, 0.851985559566787, 0.8844765342960289, 0.8664259927797834, 0.8804347826086957, 0.851985559566787, 0.8664259927797834, 0.8483754512635379, 0.8916967509025271
2186, 0.8447653429602888, 0.8736462093862816, 0.855595667870036, 0.8772563176895307, 0.851985559566787, 0.8804347826086957, 0.8592057761732852, 0.8772563176895307, 0.851985559566787, 0.8844765342960289
1639, 0.855595667870036, 0.8736462093862816, 0.851985559566787, 0.8736462093862816, 0.8628158844765343, 0.8804347826086957, 0.8483754512635379, 0.8736462093862816, 0.8483754512635379, 0.8844765342960289
1093, 0.8303249097472925, 0.8772563176895307, 0.8664259927797834, 0.8628158844765343, 0.8664259927797834, 0.8768115942028986, 0.8483754512635379, 0.8592057761732852, 0.8411552346570397, 0.8844765342960289
547, 0.8483754512635379, 0.8844765342960289, 0.8664259927797834, 0.855595667870036, 0.8664259927797834, 0.8804347826086957, 0.8375451263537906, 0.851985559566787, 0.8267148014440433, 0.8664259927797834
