10380, 0.8808664259927798, 0.8844765342960289, 0.8772563176895307, 0.9061371841155235, 0.8664259927797834, 0.8695652173913043, 0.8736462093862816, 0.8916967509025271, 0.8700361010830325, 0.9133574007220217
9834, 0.8808664259927798, 0.8808664259927798, 0.8808664259927798, 0.8953068592057761, 0.8592057761732852, 0.8623188405797102, 0.8700361010830325, 0.8916967509025271, 0.8664259927797834, 0.9205776173285198
9288, 0.8808664259927798, 0.8736462093862816, 0.8772563176895307, 0.8916967509025271, 0.851985559566787, 0.855072463768116, 0.8700361010830325, 0.8916967509025271, 0.8628158844765343, 0.9133574007220217
8741, 0.8736462093862816, 0.8664259927797834, 0.8700361010830325, 0.8808664259927798, 0.8483754512635379, 0.8442028985507246, 0.8628158844765343, 0.8808664259927798, 0.8592057761732852, 0.9097472924187726
8195, 0.8736462093862816, 0.8628158844765343, 0.8628158844765343, 0.8772563176895307, 0.8447653429602888, 0.8442028985507246, 0.8628158844765343, 0.8772563176895307, 0.8447653429602888, 0.8989169675090253
7649, 0.8700361010830325, 0.8700361010830325, 0.8592057761732852, 0.8880866425992779, 0.855595667870036, 0.8478260869565217, 0.8772563176895307, 0.8844765342960289, 0.8447653429602888, 0.9025270758122743
7102, 0.8700361010830325, 0.8628158844765343, 0.8628158844765343, 0.8880866425992779, 0.855595667870036, 0.855072463768116, 0.8736462093862816, 0.8808664259927798, 0.855595667870036, 0.9061371841155235
6556, 0.8700361010830325, 0.855595667870036, 0.8664259927797834, 0.9025270758122743, 0.8628158844765343, 0.8586956521739131, 0.8772563176895307, 0.8772563176895307, 0.851985559566787, 0.9061371841155235
6010, 0.8736462093862816, 0.8736462093862816, 0.8736462093862816, 0.9205776173285198, 0.8664259927797834, 0.8768115942028986, 0.8700361010830325, 0.8808664259927798, 0.8483754512635379, 0.9097472924187726
5463, 0.8664259927797834, 0.8808664259927798, 0.8700361010830325, 0.9097472924187726, 0.8592057761732852, 0.8695652173913043, 0.8736462093862816, 0.8844765342960289, 0.8447653429602888, 0.9097472924187726
4917, 0.8664259927797834, 0.8844765342960289, 0.8628158844765343, 0.8953068592057761, 0.8664259927797834, 0.8623188405797102, 0.8736462093862816, 0.8664259927797834, 0.855595667870036, 0.9097472924187726
4371, 0.8664259927797834, 0.8916967509025271, 0.8736462093862816, 0.8808664259927798, 0.8664259927797834, 0.8695652173913043, 0.8664259927797834, 0.8808664259927798, 0.8628158844765343, 0.9133574007220217
3825, 0.8592057761732852, 0.8989169675090253, 0.8700361010830325, 0.8700361010830325, 0.855595667870036, 0.8623188405797102, 0.8664259927797834, 0.8844765342960289, 0.8592057761732852, 0.9025270758122743
3278, 0.8592057761732852, 0.8808664259927798, 0.8736462093862816, 0.8736462093862816, 0.851985559566787, 0.8804347826086957, 0.8772563176895307, 0.8628158844765343, 0.851985559566787, 0.8989169675090253
2732, 0.8483754512635379, 0.8772563176895307, 0.8736462093862816, 0.8628158844765343, 0.8483754512635379, 0.8623188405797102, 0.8592057761732852, 0.8664259927797834, 0.8267148014440433, 0.8808664259927798
2186, 0.8122743682310469, 0.8628158844765343, 0.855595667870036, 0.855595667870036, 0.8483754512635379, 0.8586956521739131, 0.8303249097472925, 0.8339350180505415, 0.8231046931407943, 0.8736462093862816
1639, 0.8014440433212996, 0.855595667870036, 0.8447653429602888, 0.855595667870036, 0.8339350180505415, 0.8333333333333334, 0.8303249097472925, 0.8267148014440433, 0.8158844765342961, 0.855595667870036
1093, 0.8014440433212996, 0.8483754512635379, 0.8375451263537906, 0.8447653429602888, 0.8267148014440433, 0.8333333333333334, 0.8122743682310469, 0.8086642599277978, 0.7906137184115524, 0.8303249097472925
547, 0.8122743682310469, 0.8375451263537906, 0.8158844765342961, 0.7978339350180506, 0.8375451263537906, 0.8152173913043478, 0.7942238267148014, 0.8122743682310469, 0.7653429602888087, 0.8014440433212996
