10380, 0.8808664259927798, 0.8880866425992779, 0.8736462093862816, 0.9025270758122743, 0.8700361010830325, 0.8659420289855072, 0.8736462093862816, 0.8880866425992779, 0.8700361010830325, 0.9169675090252708
9834, 0.8772563176895307, 0.8808664259927798, 0.8772563176895307, 0.8916967509025271, 0.8592057761732852, 0.8586956521739131, 0.8700361010830325, 0.8880866425992779, 0.8628158844765343, 0.9169675090252708
9288, 0.8772563176895307, 0.8808664259927798, 0.8772563176895307, 0.8880866425992779, 0.855595667870036, 0.8586956521739131, 0.8736462093862816, 0.8880866425992779, 0.8700361010830325, 0.9133574007220217
8741, 0.8772563176895307, 0.8844765342960289, 0.8844765342960289, 0.8989169675090253, 0.8700361010830325, 0.8586956521739131, 0.8736462093862816, 0.8953068592057761, 0.8736462093862816, 0.9133574007220217
8195, 0.8844765342960289, 0.8880866425992779, 0.8844765342960289, 0.9061371841155235, 0.8808664259927798, 0.8586956521739131, 0.8808664259927798, 0.9025270758122743, 0.8700361010830325, 0.9169675090252708
7649, 0.8880866425992779, 0.8989169675090253, 0.8736462093862816, 0.9097472924187726, 0.8953068592057761, 0.8659420289855072, 0.8880866425992779, 0.9097472924187726, 0.8736462093862816, 0.9169675090252708
7102, 0.8880866425992779, 0.9025270758122743, 0.8772563176895307, 0.927797833935018, 0.8953068592057761, 0.8840579710144928, 0.8953068592057761, 0.9025270758122743, 0.8736462093862816, 0.9205776173285198
6556, 0.8989169675090253, 0.9097472924187726, 0.8844765342960289, 0.9314079422382672, 0.9025270758122743, 0.894927536231884, 0.8989169675090253, 0.9097472924187726, 0.8844765342960289, 0.9205776173285198
6010, 0.9025270758122743, 0.9133574007220217, 0.8916967509025271, 0.9386281588447654, 0.8989169675090253, 0.8985507246376812, 0.9061371841155235, 0.9169675090252708, 0.9025270758122743, 0.927797833935018
5463, 0.9025270758122743, 0.9205776173285198, 0.8916967509025271, 0.9386281588447654, 0.8953068592057761, 0.9021739130434783, 0.9133574007220217, 0.9205776173285198, 0.8953068592057761, 0.9314079422382672
4917, 0.9025270758122743, 0.9205776173285198, 0.8916967509025271, 0.9314079422382672, 0.8989169675090253, 0.9057971014492754, 0.9061371841155235, 0.927797833935018, 0.8953068592057761, 0.9422382671480144
4371, 0.9061371841155235, 0.9169675090252708, 0.8989169675090253, 0.9350180505415162, 0.8916967509025271, 0.8985507246376812, 0.9061371841155235, 0.9350180505415162, 0.8989169675090253, 0.9350180505415162
3825, 0.8916967509025271, 0.9205776173285198, 0.9061371841155235, 0.927797833935018, 0.8808664259927798, 0.9021739130434783, 0.8989169675090253, 0.924187725631769, 0.8989169675090253, 0.9350180505415162
3278, 0.8844765342960289, 0.924187725631769, 0.8953068592057761, 0.924187725631769, 0.8844765342960289, 0.894927536231884, 0.8989169675090253, 0.9061371841155235, 0.9025270758122743, 0.9314079422382672
2732, 0.8880866425992779, 0.924187725631769, 0.8736462093862816, 0.927797833935018, 0.8916967509025271, 0.8985507246376812, 0.8953068592057761, 0.9061371841155235, 0.8953068592057761, 0.9169675090252708
2186, 0.8808664259927798, 0.927797833935018, 0.8808664259927798, 0.924187725631769, 0.8953068592057761, 0.894927536231884, 0.8989169675090253, 0.9025270758122743, 0.8953068592057761, 0.9205776173285198
1639, 0.8772563176895307, 0.9169675090252708, 0.8700361010830325, 0.9205776173285198, 0.8772563176895307, 0.9021739130434783, 0.8844765342960289, 0.8916967509025271, 0.8844765342960289, 0.9169675090252708
1093, 0.8628158844765343, 0.8916967509025271, 0.8772563176895307, 0.8772563176895307, 0.8844765342960289, 0.8623188405797102, 0.8592057761732852, 0.8628158844765343, 0.8483754512635379, 0.8989169675090253
547, 0.8592057761732852, 0.8916967509025271, 0.855595667870036, 0.8628158844765343, 0.8736462093862816, 0.8804347826086957, 0.8447653429602888, 0.8411552346570397, 0.8483754512635379, 0.8808664259927798
