16752, 0.7683923705722071, 0.7656675749318801, 0.7771739130434783, 0.782016348773842, 0.779291553133515, 0.7574931880108992, 0.784741144414169, 0.8097826086956522, 0.7547683923705722, 0.7874659400544959
15870, 0.7602179836512262, 0.7602179836512262, 0.7690217391304348, 0.773841961852861, 0.773841961852861, 0.7520435967302452, 0.782016348773842, 0.8070652173913043, 0.7520435967302452, 0.784741144414169
14989, 0.7465940054495913, 0.7574931880108992, 0.7690217391304348, 0.784741144414169, 0.776566757493188, 0.7493188010899182, 0.779291553133515, 0.8043478260869565, 0.7493188010899182, 0.782016348773842
14107, 0.7465940054495913, 0.7629427792915532, 0.7880434782608695, 0.784741144414169, 0.7683923705722071, 0.7465940054495913, 0.771117166212534, 0.8016304347826086, 0.7465940054495913, 0.784741144414169
13225, 0.7493188010899182, 0.7629427792915532, 0.7934782608695652, 0.779291553133515, 0.7683923705722071, 0.7520435967302452, 0.779291553133515, 0.8016304347826086, 0.7465940054495913, 0.7874659400544959
12344, 0.7411444141689373, 0.771117166212534, 0.7934782608695652, 0.7874659400544959, 0.7656675749318801, 0.7547683923705722, 0.776566757493188, 0.8043478260869565, 0.7438692098092643, 0.784741144414169
11462, 0.7384196185286104, 0.7656675749318801, 0.7907608695652174, 0.784741144414169, 0.779291553133515, 0.7547683923705722, 0.773841961852861, 0.7934782608695652, 0.7465940054495913, 0.7901907356948229
10580, 0.7302452316076294, 0.7602179836512262, 0.779891304347826, 0.7929155313351499, 0.779291553133515, 0.7520435967302452, 0.773841961852861, 0.7961956521739131, 0.7520435967302452, 0.7983651226158038
9699, 0.7329700272479565, 0.7683923705722071, 0.7880434782608695, 0.7956403269754768, 0.7901907356948229, 0.7547683923705722, 0.782016348773842, 0.8016304347826086, 0.7683923705722071, 0.8038147138964578
8817, 0.7438692098092643, 0.773841961852861, 0.7880434782608695, 0.7956403269754768, 0.7956403269754768, 0.7574931880108992, 0.7874659400544959, 0.8125, 0.7683923705722071, 0.8010899182561307
7935, 0.7520435967302452, 0.771117166212534, 0.779891304347826, 0.7929155313351499, 0.7929155313351499, 0.7574931880108992, 0.784741144414169, 0.8097826086956522, 0.7683923705722071, 0.7956403269754768
7054, 0.7547683923705722, 0.7656675749318801, 0.7907608695652174, 0.7901907356948229, 0.7901907356948229, 0.7683923705722071, 0.779291553133515, 0.8016304347826086, 0.7683923705722071, 0.7929155313351499
6172, 0.7602179836512262, 0.7656675749318801, 0.7880434782608695, 0.784741144414169, 0.7929155313351499, 0.7683923705722071, 0.782016348773842, 0.8125, 0.776566757493188, 0.7929155313351499
5290, 0.7465940054495913, 0.7602179836512262, 0.7771739130434783, 0.782016348773842, 0.7983651226158038, 0.7629427792915532, 0.779291553133515, 0.8070652173913043, 0.773841961852861, 0.7983651226158038
4409, 0.7493188010899182, 0.7465940054495913, 0.7853260869565217, 0.776566757493188, 0.7929155313351499, 0.7384196185286104, 0.7683923705722071, 0.8043478260869565, 0.773841961852861, 0.7901907356948229
3527, 0.7465940054495913, 0.7356948228882834, 0.7744565217391305, 0.7656675749318801, 0.776566757493188, 0.7275204359673024, 0.773841961852861, 0.7717391304347826, 0.7656675749318801, 0.7901907356948229
2645, 0.7247956403269755, 0.7356948228882834, 0.7581521739130435, 0.7547683923705722, 0.779291553133515, 0.7275204359673024, 0.771117166212534, 0.7663043478260869, 0.7438692098092643, 0.771117166212534
1764, 0.7275204359673024, 0.7057220708446866, 0.7418478260869565, 0.7493188010899182, 0.776566757493188, 0.7111716621253406, 0.7602179836512262, 0.7472826086956522, 0.7193460490463215, 0.7602179836512262
882, 0.7220708446866485, 0.7057220708446866, 0.7228260869565217, 0.7193460490463215, 0.7574931880108992, 0.7057220708446866, 0.7302452316076294, 0.7309782608695652, 0.7029972752043597, 0.7138964577656676
