16752, 0.7683923705722071, 0.7656675749318801, 0.782608695652174, 0.782016348773842, 0.7929155313351499, 0.7520435967302452, 0.784741144414169, 0.8233695652173914, 0.7656675749318801, 0.7956403269754768
15870, 0.776566757493188, 0.7929155313351499, 0.7961956521739131, 0.7929155313351499, 0.8092643051771117, 0.7629427792915532, 0.8010899182561307, 0.8369565217391305, 0.7683923705722071, 0.8065395095367848
14989, 0.773841961852861, 0.7929155313351499, 0.8016304347826086, 0.7983651226158038, 0.8010899182561307, 0.7574931880108992, 0.7929155313351499, 0.8342391304347826, 0.771117166212534, 0.8119891008174387
14107, 0.776566757493188, 0.7874659400544959, 0.8016304347826086, 0.7929155313351499, 0.8065395095367848, 0.7602179836512262, 0.7929155313351499, 0.842391304347826, 0.7656675749318801, 0.8010899182561307
13225, 0.779291553133515, 0.7901907356948229, 0.7961956521739131, 0.7956403269754768, 0.8092643051771117, 0.7629427792915532, 0.7929155313351499, 0.8396739130434783, 0.7683923705722071, 0.8010899182561307
12344, 0.782016348773842, 0.7901907356948229, 0.8097826086956522, 0.7983651226158038, 0.8065395095367848, 0.7683923705722071, 0.7956403269754768, 0.8369565217391305, 0.771117166212534, 0.8010899182561307
11462, 0.771117166212534, 0.7929155313351499, 0.8152173913043478, 0.7983651226158038, 0.8065395095367848, 0.773841961852861, 0.7983651226158038, 0.8396739130434783, 0.776566757493188, 0.8038147138964578
10580, 0.7656675749318801, 0.7956403269754768, 0.8125, 0.8038147138964578, 0.8092643051771117, 0.773841961852861, 0.8038147138964578, 0.8315217391304348, 0.771117166212534, 0.8010899182561307
9699, 0.7656675749318801, 0.7983651226158038, 0.8152173913043478, 0.8092643051771117, 0.8119891008174387, 0.773841961852861, 0.7956403269754768, 0.8288043478260869, 0.773841961852861, 0.8065395095367848
8817, 0.7574931880108992, 0.7874659400544959, 0.8125, 0.8174386920980926, 0.8119891008174387, 0.771117166212534, 0.779291553133515, 0.8288043478260869, 0.7683923705722071, 0.8174386920980926
7935, 0.7629427792915532, 0.776566757493188, 0.8043478260869565, 0.8065395095367848, 0.8065395095367848, 0.773841961852861, 0.784741144414169, 0.8260869565217391, 0.7656675749318801, 0.8228882833787466
7054, 0.7602179836512262, 0.7874659400544959, 0.8043478260869565, 0.8092643051771117, 0.8038147138964578, 0.771117166212534, 0.779291553133515, 0.8260869565217391, 0.7683923705722071, 0.8228882833787466
6172, 0.7602179836512262, 0.7901907356948229, 0.8016304347826086, 0.8065395095367848, 0.8174386920980926, 0.7656675749318801, 0.782016348773842, 0.8288043478260869, 0.776566757493188, 0.8283378746594006
5290, 0.7629427792915532, 0.779291553133515, 0.8016304347826086, 0.7874659400544959, 0.8092643051771117, 0.7547683923705722, 0.7874659400544959, 0.8206521739130435, 0.779291553133515, 0.8119891008174387
4409, 0.7438692098092643, 0.7683923705722071, 0.7880434782608695, 0.784741144414169, 0.8119891008174387, 0.7493188010899182, 0.7929155313351499, 0.8233695652173914, 0.771117166212534, 0.7983651226158038
3527, 0.7520435967302452, 0.7656675749318801, 0.7744565217391305, 0.773841961852861, 0.8092643051771117, 0.7411444141689373, 0.7956403269754768, 0.8125, 0.782016348773842, 0.7874659400544959
2645, 0.7520435967302452, 0.7520435967302452, 0.7771739130434783, 0.7574931880108992, 0.7929155313351499, 0.7438692098092643, 0.779291553133515, 0.8043478260869565, 0.7602179836512262, 0.7929155313351499
1764, 0.7493188010899182, 0.7302452316076294, 0.7581521739130435, 0.7411444141689373, 0.8147138964577657, 0.7411444141689373, 0.779291553133515, 0.7853260869565217, 0.7547683923705722, 0.782016348773842
882, 0.7384196185286104, 0.7002724795640327, 0.7336956521739131, 0.7275204359673024, 0.7983651226158038, 0.7138964577656676, 0.7547683923705722, 0.7336956521739131, 0.7029972752043597, 0.7438692098092643
