22346, 0.7165178571428571, 0.668903803131991, 0.6875, 0.6741071428571429, 0.6696428571428571, 0.7136465324384788, 0.6808035714285714, 0.6785714285714286, 0.7404921700223713, 0.6830357142857143
21170, 0.7142857142857143, 0.6666666666666666, 0.6875, 0.671875, 0.6696428571428571, 0.70917225950783, 0.6785714285714286, 0.6763392857142857, 0.7427293064876958, 0.6830357142857143
19994, 0.7165178571428571, 0.6733780760626398, 0.6897321428571429, 0.6741071428571429, 0.6741071428571429, 0.7046979865771812, 0.6763392857142857, 0.6763392857142857, 0.7449664429530202, 0.6852678571428571
18818, 0.7209821428571429, 0.6756152125279642, 0.6919642857142857, 0.671875, 0.6741071428571429, 0.70917225950783, 0.6852678571428571, 0.6741071428571429, 0.7449664429530202, 0.6897321428571429
17642, 0.7254464285714286, 0.6823266219239373, 0.6919642857142857, 0.671875, 0.6785714285714286, 0.70917225950783, 0.6919642857142857, 0.6763392857142857, 0.7427293064876958, 0.6964285714285714
16466, 0.7254464285714286, 0.6845637583892618, 0.6897321428571429, 0.671875, 0.6808035714285714, 0.7046979865771812, 0.6941964285714286, 0.6785714285714286, 0.7427293064876958, 0.703125
15290, 0.7232142857142857, 0.6845637583892618, 0.6875, 0.6741071428571429, 0.6830357142857143, 0.7114093959731543, 0.703125, 0.6830357142857143, 0.7404921700223713, 0.6941964285714286
14114, 0.7254464285714286, 0.6868008948545862, 0.6830357142857143, 0.6741071428571429, 0.6875, 0.7114093959731543, 0.6986607142857143, 0.6808035714285714, 0.7427293064876958, 0.6986607142857143
12938, 0.7232142857142857, 0.6778523489932886, 0.6785714285714286, 0.6830357142857143, 0.6852678571428571, 0.7225950782997763, 0.6964285714285714, 0.6852678571428571, 0.7404921700223713, 0.6986607142857143
11761, 0.7209821428571429, 0.6823266219239373, 0.6763392857142857, 0.6830357142857143, 0.6808035714285714, 0.7181208053691275, 0.6941964285714286, 0.6897321428571429, 0.7360178970917226, 0.6986607142857143
10585, 0.7254464285714286, 0.6845637583892618, 0.6785714285714286, 0.6852678571428571, 0.6830357142857143, 0.7181208053691275, 0.6919642857142857, 0.6785714285714286, 0.7360178970917226, 0.703125
9409, 0.7276785714285714, 0.6823266219239373, 0.6830357142857143, 0.6919642857142857, 0.6852678571428571, 0.7203579418344519, 0.6919642857142857, 0.6830357142857143, 0.7360178970917226, 0.7008928571428571
8233, 0.71875, 0.6711409395973155, 0.6785714285714286, 0.6897321428571429, 0.6897321428571429, 0.7248322147651006, 0.6875, 0.6763392857142857, 0.7427293064876958, 0.6941964285714286
7057, 0.7165178571428571, 0.6644295302013423, 0.6808035714285714, 0.6875, 0.6897321428571429, 0.7158836689038032, 0.6830357142857143, 0.671875, 0.7337807606263982, 0.6919642857142857
5881, 0.7209821428571429, 0.6666666666666666, 0.6763392857142857, 0.6852678571428571, 0.6830357142857143, 0.7024608501118568, 0.6875, 0.6763392857142857, 0.7427293064876958, 0.6919642857142857
4705, 0.7053571428571429, 0.6644295302013423, 0.6763392857142857, 0.6785714285714286, 0.6808035714285714, 0.680089485458613, 0.6674107142857143, 0.6763392857142857, 0.738255033557047, 0.6897321428571429
3529, 0.7120535714285714, 0.6510067114093959, 0.6696428571428571, 0.6741071428571429, 0.6741071428571429, 0.6621923937360179, 0.65625, 0.6584821428571429, 0.7293064876957495, 0.6897321428571429
2353, 0.6897321428571429, 0.6510067114093959, 0.6495535714285714, 0.6584821428571429, 0.6651785714285714, 0.6353467561521253, 0.6584821428571429, 0.6584821428571429, 0.7248322147651006, 0.6763392857142857
1177, 0.6607142857142857, 0.6308724832214765, 0.6316964285714286, 0.6339285714285714, 0.6227678571428571, 0.6085011185682326, 0.6316964285714286, 0.6138392857142857, 0.697986577181208, 0.6116071428571429
