22346, 0.7142857142857143, 0.6733780760626398, 0.6897321428571429, 0.6741071428571429, 0.6696428571428571, 0.7114093959731543, 0.6986607142857143, 0.6808035714285714, 0.727069351230425, 0.6830357142857143
21170, 0.7209821428571429, 0.6778523489932886, 0.6964285714285714, 0.671875, 0.6696428571428571, 0.7136465324384788, 0.6964285714285714, 0.6785714285714286, 0.7315436241610739, 0.6897321428571429
19994, 0.71875, 0.6756152125279642, 0.6941964285714286, 0.671875, 0.671875, 0.70917225950783, 0.6919642857142857, 0.6741071428571429, 0.7337807606263982, 0.7008928571428571
18818, 0.7209821428571429, 0.6778523489932886, 0.6941964285714286, 0.671875, 0.6763392857142857, 0.7136465324384788, 0.6919642857142857, 0.6852678571428571, 0.738255033557047, 0.7008928571428571
17642, 0.71875, 0.6845637583892618, 0.6875, 0.671875, 0.6763392857142857, 0.7158836689038032, 0.6964285714285714, 0.6875, 0.7449664429530202, 0.7075892857142857
16466, 0.7209821428571429, 0.6912751677852349, 0.6897321428571429, 0.6763392857142857, 0.6830357142857143, 0.7181208053691275, 0.7098214285714286, 0.6964285714285714, 0.7449664429530202, 0.7053571428571429
15290, 0.7254464285714286, 0.7046979865771812, 0.6919642857142857, 0.6875, 0.6852678571428571, 0.7158836689038032, 0.7075892857142857, 0.6964285714285714, 0.7472035794183445, 0.7098214285714286
14114, 0.734375, 0.6957494407158836, 0.6941964285714286, 0.6875, 0.6852678571428571, 0.7136465324384788, 0.7053571428571429, 0.6941964285714286, 0.7472035794183445, 0.7098214285714286
12938, 0.734375, 0.697986577181208, 0.6941964285714286, 0.6785714285714286, 0.6852678571428571, 0.7181208053691275, 0.703125, 0.6941964285714286, 0.7494407158836689, 0.71875
11761, 0.7299107142857143, 0.6845637583892618, 0.6875, 0.6875, 0.6897321428571429, 0.70917225950783, 0.703125, 0.6897321428571429, 0.7516778523489933, 0.7165178571428571
10585, 0.7165178571428571, 0.6823266219239373, 0.6897321428571429, 0.6919642857142857, 0.6919642857142857, 0.7136465324384788, 0.6941964285714286, 0.6897321428571429, 0.7494407158836689, 0.7209821428571429
9409, 0.71875, 0.6756152125279642, 0.6919642857142857, 0.671875, 0.6919642857142857, 0.7024608501118568, 0.6763392857142857, 0.6875, 0.7494407158836689, 0.7142857142857143
8233, 0.7232142857142857, 0.6733780760626398, 0.7008928571428571, 0.6696428571428571, 0.6852678571428571, 0.6868008948545862, 0.671875, 0.6785714285714286, 0.7516778523489933, 0.7053571428571429
7057, 0.71875, 0.6577181208053692, 0.6875, 0.6607142857142857, 0.6875, 0.6845637583892618, 0.6830357142857143, 0.6830357142857143, 0.7337807606263982, 0.6986607142857143
5881, 0.7075892857142857, 0.6554809843400448, 0.6741071428571429, 0.65625, 0.6674107142857143, 0.6868008948545862, 0.6763392857142857, 0.6651785714285714, 0.7248322147651006, 0.6763392857142857
4705, 0.6941964285714286, 0.6375838926174496, 0.65625, 0.6495535714285714, 0.6785714285714286, 0.6756152125279642, 0.6763392857142857, 0.6674107142857143, 0.7225950782997763, 0.6674107142857143
3529, 0.6741071428571429, 0.610738255033557, 0.6183035714285714, 0.625, 0.6495535714285714, 0.6599552572706935, 0.6473214285714286, 0.6383928571428571, 0.6778523489932886, 0.65625
2353, 0.6316964285714286, 0.6196868008948546, 0.6049107142857143, 0.6071428571428571, 0.6183035714285714, 0.6062639821029083, 0.6473214285714286, 0.6205357142857143, 0.6644295302013423, 0.6316964285714286
1177, 0.546875, 0.5436241610738255, 0.5491071428571429, 0.5401785714285714, 0.5334821428571429, 0.5480984340044742, 0.53125, 0.5870535714285714, 0.610738255033557, 0.5200892857142857
