22346, 0.7120535714285714, 0.6666666666666666, 0.6875, 0.6808035714285714, 0.6696428571428571, 0.7158836689038032, 0.6830357142857143, 0.6808035714285714, 0.7360178970917226, 0.6852678571428571
21170, 0.7075892857142857, 0.6599552572706935, 0.6785714285714286, 0.6696428571428571, 0.6696428571428571, 0.7136465324384788, 0.6763392857142857, 0.6785714285714286, 0.738255033557047, 0.6852678571428571
19994, 0.71875, 0.6621923937360179, 0.6852678571428571, 0.6629464285714286, 0.6808035714285714, 0.7024608501118568, 0.6763392857142857, 0.6696428571428571, 0.7404921700223713, 0.6875
18818, 0.7120535714285714, 0.668903803131991, 0.6785714285714286, 0.6607142857142857, 0.6741071428571429, 0.7024608501118568, 0.6741071428571429, 0.671875, 0.738255033557047, 0.6875
17642, 0.7098214285714286, 0.6756152125279642, 0.6741071428571429, 0.6629464285714286, 0.671875, 0.70917225950783, 0.6808035714285714, 0.6741071428571429, 0.7427293064876958, 0.6964285714285714
16466, 0.7232142857142857, 0.6756152125279642, 0.6808035714285714, 0.6651785714285714, 0.6674107142857143, 0.7046979865771812, 0.6785714285714286, 0.6785714285714286, 0.7427293064876958, 0.6986607142857143
15290, 0.71875, 0.6756152125279642, 0.6830357142857143, 0.6629464285714286, 0.671875, 0.697986577181208, 0.671875, 0.6763392857142857, 0.7449664429530202, 0.6986607142857143
14114, 0.7053571428571429, 0.668903803131991, 0.6852678571428571, 0.65625, 0.6607142857142857, 0.6845637583892618, 0.6629464285714286, 0.671875, 0.7404921700223713, 0.6897321428571429
12938, 0.7053571428571429, 0.668903803131991, 0.6785714285714286, 0.6674107142857143, 0.65625, 0.6890380313199105, 0.6674107142857143, 0.6696428571428571, 0.727069351230425, 0.6674107142857143
11761, 0.7008928571428571, 0.6621923937360179, 0.6741071428571429, 0.6629464285714286, 0.6495535714285714, 0.6823266219239373, 0.6517857142857143, 0.6674107142857143, 0.7225950782997763, 0.6808035714285714
10585, 0.6897321428571429, 0.6554809843400448, 0.6741071428571429, 0.6674107142857143, 0.6428571428571429, 0.6845637583892618, 0.6540178571428571, 0.65625, 0.727069351230425, 0.6785714285714286
9409, 0.6941964285714286, 0.6420581655480985, 0.6785714285714286, 0.6674107142857143, 0.6540178571428571, 0.6868008948545862, 0.6495535714285714, 0.6584821428571429, 0.7203579418344519, 0.6763392857142857
8233, 0.6986607142857143, 0.6510067114093959, 0.6852678571428571, 0.6651785714285714, 0.6540178571428571, 0.680089485458613, 0.6651785714285714, 0.6450892857142857, 0.7203579418344519, 0.6808035714285714
7057, 0.6964285714285714, 0.6532438478747203, 0.6808035714285714, 0.6629464285714286, 0.6651785714285714, 0.6845637583892618, 0.6696428571428571, 0.6316964285714286, 0.727069351230425, 0.6741071428571429
5881, 0.6875, 0.6554809843400448, 0.6651785714285714, 0.6517857142857143, 0.6584821428571429, 0.6621923937360179, 0.6763392857142857, 0.6272321428571429, 0.7181208053691275, 0.65625
4705, 0.6875, 0.6510067114093959, 0.65625, 0.6741071428571429, 0.6540178571428571, 0.6666666666666666, 0.6808035714285714, 0.6495535714285714, 0.7136465324384788, 0.6584821428571429
3529, 0.6875, 0.639821029082774, 0.6517857142857143, 0.6383928571428571, 0.6473214285714286, 0.6465324384787472, 0.6651785714285714, 0.640625, 0.7136465324384788, 0.6607142857142857
2353, 0.6428571428571429, 0.610738255033557, 0.6183035714285714, 0.578125, 0.6383928571428571, 0.6331096196868009, 0.6339285714285714, 0.609375, 0.6868008948545862, 0.625
1177, 0.6071428571428571, 0.5503355704697986, 0.5580357142857143, 0.5357142857142857, 0.5424107142857143, 0.5391498881431768, 0.5892857142857143, 0.578125, 0.5995525727069351, 0.5758928571428571
