22346, 0.7142857142857143, 0.6733780760626398, 0.6897321428571429, 0.6741071428571429, 0.6696428571428571, 0.7114093959731543, 0.6986607142857143, 0.6808035714285714, 0.727069351230425, 0.6830357142857143
21170, 0.71875, 0.6778523489932886, 0.6964285714285714, 0.6763392857142857, 0.671875, 0.7136465324384788, 0.6941964285714286, 0.6785714285714286, 0.7337807606263982, 0.6897321428571429
19994, 0.71875, 0.6823266219239373, 0.6964285714285714, 0.6808035714285714, 0.6741071428571429, 0.7024608501118568, 0.6875, 0.6785714285714286, 0.7404921700223713, 0.6964285714285714
18818, 0.7142857142857143, 0.6935123042505593, 0.6919642857142857, 0.671875, 0.6785714285714286, 0.7114093959731543, 0.6941964285714286, 0.6808035714285714, 0.7427293064876958, 0.6986607142857143
17642, 0.7209821428571429, 0.6845637583892618, 0.6919642857142857, 0.6808035714285714, 0.6785714285714286, 0.7114093959731543, 0.703125, 0.6875, 0.7472035794183445, 0.7053571428571429
16466, 0.7232142857142857, 0.6890380313199105, 0.6919642857142857, 0.6830357142857143, 0.6785714285714286, 0.7158836689038032, 0.7053571428571429, 0.6964285714285714, 0.7427293064876958, 0.7098214285714286
15290, 0.7299107142857143, 0.6935123042505593, 0.6941964285714286, 0.6897321428571429, 0.6852678571428571, 0.7181208053691275, 0.7120535714285714, 0.6964285714285714, 0.7427293064876958, 0.7120535714285714
14114, 0.7299107142857143, 0.6868008948545862, 0.6941964285714286, 0.6852678571428571, 0.6875, 0.7136465324384788, 0.7053571428571429, 0.6986607142857143, 0.7449664429530202, 0.7098214285714286
12938, 0.7321428571428571, 0.6912751677852349, 0.6964285714285714, 0.6897321428571429, 0.6897321428571429, 0.7181208053691275, 0.7053571428571429, 0.6941964285714286, 0.7472035794183445, 0.7142857142857143
11761, 0.734375, 0.6890380313199105, 0.6875, 0.6897321428571429, 0.6919642857142857, 0.7315436241610739, 0.703125, 0.6964285714285714, 0.7494407158836689, 0.7008928571428571
10585, 0.7299107142857143, 0.6935123042505593, 0.6852678571428571, 0.6875, 0.6986607142857143, 0.7315436241610739, 0.7053571428571429, 0.7008928571428571, 0.756152125279642, 0.703125
9409, 0.7254464285714286, 0.6912751677852349, 0.6852678571428571, 0.6919642857142857, 0.6941964285714286, 0.7225950782997763, 0.6986607142857143, 0.6964285714285714, 0.7516778523489933, 0.7075892857142857
8233, 0.7232142857142857, 0.6912751677852349, 0.6808035714285714, 0.6986607142857143, 0.6986607142857143, 0.7225950782997763, 0.6919642857142857, 0.6897321428571429, 0.756152125279642, 0.7098214285714286
7057, 0.7276785714285714, 0.6845637583892618, 0.6830357142857143, 0.6919642857142857, 0.6964285714285714, 0.7136465324384788, 0.6986607142857143, 0.6875, 0.7606263982102909, 0.7098214285714286
5881, 0.7209821428571429, 0.6868008948545862, 0.6852678571428571, 0.6986607142857143, 0.6919642857142857, 0.70917225950783, 0.6941964285714286, 0.6852678571428571, 0.7337807606263982, 0.7075892857142857
4705, 0.7232142857142857, 0.6711409395973155, 0.703125, 0.6875, 0.6897321428571429, 0.7046979865771812, 0.671875, 0.6808035714285714, 0.7404921700223713, 0.703125
3529, 0.7232142857142857, 0.6577181208053692, 0.671875, 0.6852678571428571, 0.6808035714285714, 0.6868008948545862, 0.6741071428571429, 0.6785714285714286, 0.738255033557047, 0.6964285714285714
2353, 0.7098214285714286, 0.639821029082774, 0.6517857142857143, 0.6517857142857143, 0.6696428571428571, 0.6420581655480985, 0.65625, 0.6584821428571429, 0.7248322147651006, 0.6785714285714286
1177, 0.6629464285714286, 0.6085011185682326, 0.6361607142857143, 0.6227678571428571, 0.625, 0.6152125279642058, 0.65625, 0.6205357142857143, 0.7046979865771812, 0.6495535714285714
