22346, 0.7142857142857143, 0.6733780760626398, 0.6897321428571429, 0.6741071428571429, 0.6696428571428571, 0.7114093959731543, 0.6986607142857143, 0.6808035714285714, 0.727069351230425, 0.6830357142857143
21170, 0.71875, 0.6778523489932886, 0.6964285714285714, 0.671875, 0.6696428571428571, 0.7136465324384788, 0.6941964285714286, 0.6785714285714286, 0.7315436241610739, 0.6875
19994, 0.71875, 0.6778523489932886, 0.6941964285714286, 0.6741071428571429, 0.671875, 0.7046979865771812, 0.6875, 0.6741071428571429, 0.7360178970917226, 0.6986607142857143
18818, 0.71875, 0.6845637583892618, 0.6941964285714286, 0.6741071428571429, 0.6763392857142857, 0.70917225950783, 0.6897321428571429, 0.6852678571428571, 0.7427293064876958, 0.7008928571428571
17642, 0.71875, 0.6868008948545862, 0.6852678571428571, 0.6696428571428571, 0.6763392857142857, 0.7136465324384788, 0.6941964285714286, 0.6875, 0.7427293064876958, 0.7008928571428571
16466, 0.7209821428571429, 0.6912751677852349, 0.6897321428571429, 0.6808035714285714, 0.6830357142857143, 0.7181208053691275, 0.7075892857142857, 0.6941964285714286, 0.7427293064876958, 0.703125
15290, 0.7165178571428571, 0.6890380313199105, 0.6919642857142857, 0.6830357142857143, 0.6763392857142857, 0.70917225950783, 0.7008928571428571, 0.6919642857142857, 0.738255033557047, 0.7075892857142857
14114, 0.7321428571428571, 0.6890380313199105, 0.6897321428571429, 0.6830357142857143, 0.6785714285714286, 0.7069351230425056, 0.7008928571428571, 0.6941964285714286, 0.7449664429530202, 0.7098214285714286
12938, 0.734375, 0.6890380313199105, 0.6852678571428571, 0.6808035714285714, 0.6808035714285714, 0.7114093959731543, 0.6986607142857143, 0.6941964285714286, 0.7449664429530202, 0.7142857142857143
11761, 0.734375, 0.6890380313199105, 0.6852678571428571, 0.6852678571428571, 0.6897321428571429, 0.7069351230425056, 0.6986607142857143, 0.6941964285714286, 0.7494407158836689, 0.7209821428571429
10585, 0.7165178571428571, 0.6823266219239373, 0.6875, 0.6808035714285714, 0.6897321428571429, 0.7136465324384788, 0.6986607142857143, 0.6897321428571429, 0.7516778523489933, 0.7276785714285714
9409, 0.7142857142857143, 0.6823266219239373, 0.671875, 0.6785714285714286, 0.6875, 0.70917225950783, 0.6808035714285714, 0.6875, 0.7404921700223713, 0.7098214285714286
8233, 0.7142857142857143, 0.680089485458613, 0.6741071428571429, 0.6741071428571429, 0.6852678571428571, 0.7046979865771812, 0.6830357142857143, 0.6808035714285714, 0.7449664429530202, 0.7075892857142857
7057, 0.7232142857142857, 0.668903803131991, 0.6875, 0.6763392857142857, 0.6808035714285714, 0.6935123042505593, 0.6674107142857143, 0.6808035714285714, 0.7516778523489933, 0.6986607142857143
5881, 0.71875, 0.6599552572706935, 0.6852678571428571, 0.6763392857142857, 0.6785714285714286, 0.6868008948545862, 0.6696428571428571, 0.6808035714285714, 0.7427293064876958, 0.6875
4705, 0.7008928571428571, 0.6420581655480985, 0.6629464285714286, 0.6651785714285714, 0.6629464285714286, 0.6868008948545862, 0.6674107142857143, 0.6651785714285714, 0.7248322147651006, 0.671875
3529, 0.6808035714285714, 0.6286353467561522, 0.625, 0.6540178571428571, 0.6607142857142857, 0.6554809843400448, 0.65625, 0.65625, 0.6935123042505593, 0.6651785714285714
2353, 0.6607142857142857, 0.6152125279642058, 0.6116071428571429, 0.6116071428571429, 0.6428571428571429, 0.6263982102908278, 0.6741071428571429, 0.6339285714285714, 0.6666666666666666, 0.6361607142857143
1177, 0.5959821428571429, 0.5861297539149888, 0.59375, 0.5647321428571429, 0.5982142857142857, 0.5749440715883669, 0.5915178571428571, 0.5915178571428571, 0.6353467561521253, 0.59375
