22346, 0.625, 0.5503355704697986, 0.5959821428571429, 0.5892857142857143, 0.5915178571428571, 0.5659955257270693, 0.59375, 0.5513392857142857, 0.6085011185682326, 0.5446428571428571
21170, 0.625, 0.5480984340044742, 0.5959821428571429, 0.5892857142857143, 0.5959821428571429, 0.5682326621923938, 0.6004464285714286, 0.5558035714285714, 0.6085011185682326, 0.546875
19994, 0.6361607142857143, 0.5525727069351231, 0.6004464285714286, 0.59375, 0.6071428571428571, 0.5727069351230425, 0.6049107142857143, 0.5647321428571429, 0.610738255033557, 0.5491071428571429
18818, 0.6383928571428571, 0.5548098434004475, 0.6116071428571429, 0.5982142857142857, 0.6116071428571429, 0.5771812080536913, 0.6160714285714286, 0.5714285714285714, 0.6152125279642058, 0.5580357142857143
17642, 0.6450892857142857, 0.5503355704697986, 0.6116071428571429, 0.5982142857142857, 0.6138392857142857, 0.5906040268456376, 0.6160714285714286, 0.578125, 0.6241610738255033, 0.5647321428571429
16466, 0.6450892857142857, 0.5570469798657718, 0.6116071428571429, 0.6049107142857143, 0.6138392857142857, 0.6062639821029083, 0.6116071428571429, 0.5825892857142857, 0.6353467561521253, 0.5825892857142857
15290, 0.65625, 0.5615212527964206, 0.6183035714285714, 0.609375, 0.6205357142857143, 0.6129753914988815, 0.6116071428571429, 0.5982142857142857, 0.6465324384787472, 0.5870535714285714
14114, 0.6696428571428571, 0.5659955257270693, 0.6205357142857143, 0.6116071428571429, 0.6339285714285714, 0.6152125279642058, 0.6160714285714286, 0.6026785714285714, 0.6532438478747203, 0.6049107142857143
12938, 0.671875, 0.5659955257270693, 0.6316964285714286, 0.6138392857142857, 0.6428571428571429, 0.6196868008948546, 0.6138392857142857, 0.6071428571428571, 0.6666666666666666, 0.6116071428571429
11761, 0.6741071428571429, 0.5816554809843401, 0.6361607142857143, 0.6138392857142857, 0.6428571428571429, 0.6286353467561522, 0.6316964285714286, 0.6071428571428571, 0.6733780760626398, 0.6205357142857143
10585, 0.6785714285714286, 0.5928411633109619, 0.6450892857142857, 0.6339285714285714, 0.6517857142857143, 0.6420581655480985, 0.640625, 0.6116071428571429, 0.6778523489932886, 0.6183035714285714
9409, 0.6763392857142857, 0.6040268456375839, 0.640625, 0.6272321428571429, 0.6517857142857143, 0.6510067114093959, 0.6607142857142857, 0.6205357142857143, 0.6823266219239373, 0.6227678571428571
8233, 0.6808035714285714, 0.610738255033557, 0.640625, 0.6316964285714286, 0.6540178571428571, 0.6599552572706935, 0.6629464285714286, 0.6227678571428571, 0.6845637583892618, 0.6294642857142857
7057, 0.6830357142857143, 0.6219239373601789, 0.6473214285714286, 0.6473214285714286, 0.6607142857142857, 0.6644295302013423, 0.6808035714285714, 0.6272321428571429, 0.6957494407158836, 0.640625
5881, 0.6875, 0.6241610738255033, 0.6607142857142857, 0.640625, 0.6629464285714286, 0.6733780760626398, 0.671875, 0.6361607142857143, 0.7024608501118568, 0.6473214285714286
4705, 0.7053571428571429, 0.6286353467561522, 0.6607142857142857, 0.6450892857142857, 0.6651785714285714, 0.6711409395973155, 0.6741071428571429, 0.65625, 0.7069351230425056, 0.6584821428571429
3529, 0.7120535714285714, 0.6353467561521253, 0.6540178571428571, 0.6629464285714286, 0.6674107142857143, 0.6756152125279642, 0.6785714285714286, 0.6696428571428571, 0.70917225950783, 0.6629464285714286
2353, 0.7098214285714286, 0.6085011185682326, 0.6361607142857143, 0.6450892857142857, 0.6450892857142857, 0.6845637583892618, 0.6785714285714286, 0.6584821428571429, 0.7002237136465325, 0.6629464285714286
1177, 0.671875, 0.5861297539149888, 0.6316964285714286, 0.6450892857142857, 0.6383928571428571, 0.6353467561521253, 0.65625, 0.6294642857142857, 0.6621923937360179, 0.6361607142857143
