22346, 0.625, 0.5503355704697986, 0.5959821428571429, 0.5892857142857143, 0.5915178571428571, 0.5659955257270693, 0.59375, 0.5513392857142857, 0.6085011185682326, 0.5446428571428571
21170, 0.625, 0.5480984340044742, 0.5959821428571429, 0.5892857142857143, 0.5959821428571429, 0.5682326621923938, 0.6004464285714286, 0.5558035714285714, 0.6085011185682326, 0.546875
19994, 0.6294642857142857, 0.5525727069351231, 0.5982142857142857, 0.5892857142857143, 0.6071428571428571, 0.5704697986577181, 0.6026785714285714, 0.5602678571428571, 0.6085011185682326, 0.546875
18818, 0.6361607142857143, 0.5480984340044742, 0.6116071428571429, 0.5982142857142857, 0.6116071428571429, 0.5771812080536913, 0.6049107142857143, 0.5691964285714286, 0.6129753914988815, 0.5602678571428571
17642, 0.6428571428571429, 0.5525727069351231, 0.6116071428571429, 0.5959821428571429, 0.6160714285714286, 0.5838926174496645, 0.6138392857142857, 0.5736607142857143, 0.6196868008948546, 0.5669642857142857
16466, 0.6450892857142857, 0.5592841163310962, 0.6160714285714286, 0.6004464285714286, 0.6205357142857143, 0.5883668903803132, 0.609375, 0.5758928571428571, 0.6241610738255033, 0.5758928571428571
15290, 0.6540178571428571, 0.5592841163310962, 0.6116071428571429, 0.6116071428571429, 0.625, 0.5995525727069351, 0.609375, 0.5870535714285714, 0.6375838926174496, 0.5915178571428571
14114, 0.65625, 0.5659955257270693, 0.6160714285714286, 0.6116071428571429, 0.6339285714285714, 0.5995525727069351, 0.6049107142857143, 0.59375, 0.6465324384787472, 0.5982142857142857
12938, 0.6674107142857143, 0.5682326621923938, 0.6316964285714286, 0.6138392857142857, 0.6339285714285714, 0.6174496644295302, 0.6071428571428571, 0.6004464285714286, 0.6599552572706935, 0.609375
11761, 0.6674107142857143, 0.5771812080536913, 0.6383928571428571, 0.6227678571428571, 0.6339285714285714, 0.6196868008948546, 0.6205357142857143, 0.6004464285714286, 0.6711409395973155, 0.6183035714285714
10585, 0.6674107142857143, 0.5749440715883669, 0.6339285714285714, 0.6205357142857143, 0.640625, 0.6219239373601789, 0.625, 0.6026785714285714, 0.6711409395973155, 0.6205357142857143
9409, 0.671875, 0.5794183445190156, 0.6294642857142857, 0.6183035714285714, 0.640625, 0.6241610738255033, 0.640625, 0.6004464285714286, 0.6644295302013423, 0.6183035714285714
8233, 0.6607142857142857, 0.5883668903803132, 0.6272321428571429, 0.6160714285714286, 0.6428571428571429, 0.639821029082774, 0.6361607142857143, 0.6116071428571429, 0.6644295302013423, 0.6205357142857143
7057, 0.671875, 0.5950782997762863, 0.6316964285714286, 0.6205357142857143, 0.6428571428571429, 0.6375838926174496, 0.6383928571428571, 0.6026785714285714, 0.6599552572706935, 0.6205357142857143
5881, 0.6741071428571429, 0.5950782997762863, 0.6495535714285714, 0.6294642857142857, 0.640625, 0.6554809843400448, 0.6517857142857143, 0.6227678571428571, 0.6621923937360179, 0.6339285714285714
4705, 0.6808035714285714, 0.5995525727069351, 0.6361607142857143, 0.6227678571428571, 0.6495535714285714, 0.6487695749440716, 0.6584821428571429, 0.6294642857142857, 0.6554809843400448, 0.6205357142857143
3529, 0.6763392857142857, 0.5883668903803132, 0.6183035714285714, 0.6316964285714286, 0.6339285714285714, 0.6420581655480985, 0.6428571428571429, 0.6272321428571429, 0.6599552572706935, 0.625
2353, 0.6450892857142857, 0.5838926174496645, 0.6160714285714286, 0.6160714285714286, 0.6339285714285714, 0.6331096196868009, 0.6473214285714286, 0.5982142857142857, 0.6308724832214765, 0.6116071428571429
1177, 0.6049107142857143, 0.5369127516778524, 0.5602678571428571, 0.5848214285714286, 0.5625, 0.5771812080536913, 0.5669642857142857, 0.5647321428571429, 0.6085011185682326, 0.5736607142857143
