22346, 0.6294642857142857, 0.5458612975391499, 0.59375, 0.5870535714285714, 0.5892857142857143, 0.5682326621923938, 0.5982142857142857, 0.5513392857142857, 0.6040268456375839, 0.5357142857142857
21170, 0.6294642857142857, 0.5436241610738255, 0.5915178571428571, 0.5825892857142857, 0.6026785714285714, 0.5659955257270693, 0.5959821428571429, 0.5535714285714286, 0.5995525727069351, 0.53125
19994, 0.625, 0.5324384787472036, 0.6004464285714286, 0.5870535714285714, 0.59375, 0.5659955257270693, 0.5915178571428571, 0.5580357142857143, 0.5928411633109619, 0.5357142857142857
18818, 0.6183035714285714, 0.5346756152125279, 0.6049107142857143, 0.5870535714285714, 0.6004464285714286, 0.5682326621923938, 0.5870535714285714, 0.5580357142857143, 0.5950782997762863, 0.5379464285714286
17642, 0.6205357142857143, 0.5413870246085011, 0.6116071428571429, 0.5892857142857143, 0.6004464285714286, 0.5682326621923938, 0.5915178571428571, 0.5580357142857143, 0.5973154362416108, 0.5513392857142857
16466, 0.625, 0.5503355704697986, 0.609375, 0.5870535714285714, 0.6026785714285714, 0.5838926174496645, 0.5982142857142857, 0.5714285714285714, 0.5950782997762863, 0.5580357142857143
15290, 0.640625, 0.5503355704697986, 0.6138392857142857, 0.5892857142857143, 0.6071428571428571, 0.5928411633109619, 0.6026785714285714, 0.5691964285714286, 0.6017897091722595, 0.5691964285714286
14114, 0.6383928571428571, 0.5592841163310962, 0.6160714285714286, 0.5892857142857143, 0.609375, 0.5883668903803132, 0.6026785714285714, 0.5647321428571429, 0.6085011185682326, 0.5602678571428571
12938, 0.6383928571428571, 0.5615212527964206, 0.6205357142857143, 0.5825892857142857, 0.609375, 0.5906040268456376, 0.6049107142857143, 0.5691964285714286, 0.610738255033557, 0.5647321428571429
11761, 0.6473214285714286, 0.5659955257270693, 0.6227678571428571, 0.5892857142857143, 0.6071428571428571, 0.5995525727069351, 0.609375, 0.5691964285714286, 0.6174496644295302, 0.5803571428571429
10585, 0.65625, 0.5659955257270693, 0.6272321428571429, 0.5982142857142857, 0.6160714285714286, 0.6062639821029083, 0.6071428571428571, 0.5848214285714286, 0.6286353467561522, 0.6004464285714286
9409, 0.6584821428571429, 0.5727069351230425, 0.6339285714285714, 0.6004464285714286, 0.6205357142857143, 0.6062639821029083, 0.6227678571428571, 0.5736607142857143, 0.6286353467561522, 0.6026785714285714
8233, 0.6651785714285714, 0.5727069351230425, 0.6383928571428571, 0.5959821428571429, 0.625, 0.6085011185682326, 0.6316964285714286, 0.5848214285714286, 0.6442953020134228, 0.6049107142857143
7057, 0.6607142857142857, 0.5816554809843401, 0.6495535714285714, 0.6071428571428571, 0.6294642857142857, 0.6174496644295302, 0.6383928571428571, 0.578125, 0.6420581655480985, 0.6116071428571429
5881, 0.6428571428571429, 0.5727069351230425, 0.625, 0.578125, 0.6183035714285714, 0.5973154362416108, 0.625, 0.5647321428571429, 0.639821029082774, 0.5892857142857143
4705, 0.6517857142857143, 0.5906040268456376, 0.6339285714285714, 0.609375, 0.6205357142857143, 0.6062639821029083, 0.6339285714285714, 0.5758928571428571, 0.6510067114093959, 0.5848214285714286
3529, 0.6495535714285714, 0.5727069351230425, 0.6183035714285714, 0.5803571428571429, 0.6227678571428571, 0.6017897091722595, 0.6294642857142857, 0.5825892857142857, 0.6420581655480985, 0.5982142857142857
2353, 0.6294642857142857, 0.5458612975391499, 0.5803571428571429, 0.5848214285714286, 0.6049107142857143, 0.6017897091722595, 0.6205357142857143, 0.5736607142857143, 0.6308724832214765, 0.5825892857142857
1177, 0.609375, 0.5123042505592841, 0.5513392857142857, 0.5424107142857143, 0.5401785714285714, 0.5302013422818792, 0.5558035714285714, 0.5379464285714286, 0.5906040268456376, 0.5491071428571429
