22346, 0.6674107142857143, 0.5659955257270693, 0.6071428571428571, 0.6071428571428571, 0.6316964285714286, 0.6308724832214765, 0.6272321428571429, 0.6004464285714286, 0.6487695749440716, 0.5892857142857143
21170, 0.6696428571428571, 0.5682326621923938, 0.6183035714285714, 0.6071428571428571, 0.6361607142857143, 0.639821029082774, 0.6361607142857143, 0.6004464285714286, 0.6510067114093959, 0.59375
19994, 0.6696428571428571, 0.5749440715883669, 0.6205357142857143, 0.6138392857142857, 0.6361607142857143, 0.6420581655480985, 0.6383928571428571, 0.6071428571428571, 0.6510067114093959, 0.5982142857142857
18818, 0.671875, 0.5749440715883669, 0.6227678571428571, 0.6116071428571429, 0.640625, 0.6487695749440716, 0.6450892857142857, 0.6071428571428571, 0.6577181208053692, 0.6026785714285714
17642, 0.6808035714285714, 0.5794183445190156, 0.6294642857142857, 0.6183035714285714, 0.6473214285714286, 0.6577181208053692, 0.6450892857142857, 0.609375, 0.6711409395973155, 0.6071428571428571
16466, 0.6785714285714286, 0.5816554809843401, 0.6294642857142857, 0.6138392857142857, 0.6473214285714286, 0.6644295302013423, 0.6495535714285714, 0.6071428571428571, 0.6733780760626398, 0.6049107142857143
15290, 0.6852678571428571, 0.5906040268456376, 0.6383928571428571, 0.6205357142857143, 0.6540178571428571, 0.6778523489932886, 0.65625, 0.609375, 0.6823266219239373, 0.6160714285714286
14114, 0.6897321428571429, 0.6040268456375839, 0.6383928571428571, 0.6183035714285714, 0.6629464285714286, 0.6845637583892618, 0.6607142857142857, 0.609375, 0.6890380313199105, 0.6227678571428571
12938, 0.6875, 0.6085011185682326, 0.6450892857142857, 0.625, 0.6651785714285714, 0.6823266219239373, 0.6651785714285714, 0.6205357142857143, 0.6890380313199105, 0.6160714285714286
11761, 0.6919642857142857, 0.6308724832214765, 0.65625, 0.6316964285714286, 0.6651785714285714, 0.6823266219239373, 0.6696428571428571, 0.6316964285714286, 0.6935123042505593, 0.625
10585, 0.6986607142857143, 0.6353467561521253, 0.6674107142857143, 0.6339285714285714, 0.6629464285714286, 0.680089485458613, 0.671875, 0.6361607142857143, 0.6957494407158836, 0.6294642857142857
9409, 0.6986607142857143, 0.6353467561521253, 0.6674107142857143, 0.6383928571428571, 0.65625, 0.6912751677852349, 0.6696428571428571, 0.6383928571428571, 0.7114093959731543, 0.6495535714285714
8233, 0.6986607142857143, 0.6442953020134228, 0.6696428571428571, 0.6450892857142857, 0.6607142857142857, 0.6912751677852349, 0.6696428571428571, 0.640625, 0.7158836689038032, 0.6540178571428571
7057, 0.703125, 0.6442953020134228, 0.6808035714285714, 0.6495535714285714, 0.6741071428571429, 0.697986577181208, 0.6763392857142857, 0.6495535714285714, 0.7181208053691275, 0.65625
5881, 0.7053571428571429, 0.6375838926174496, 0.6651785714285714, 0.6540178571428571, 0.6785714285714286, 0.7069351230425056, 0.6763392857142857, 0.6450892857142857, 0.727069351230425, 0.6584821428571429
4705, 0.703125, 0.6263982102908278, 0.6674107142857143, 0.6607142857142857, 0.6808035714285714, 0.697986577181208, 0.6763392857142857, 0.6540178571428571, 0.7158836689038032, 0.6696428571428571
3529, 0.7120535714285714, 0.6241610738255033, 0.6629464285714286, 0.6517857142857143, 0.6696428571428571, 0.6935123042505593, 0.6852678571428571, 0.6651785714285714, 0.7203579418344519, 0.6741071428571429
2353, 0.7008928571428571, 0.6129753914988815, 0.6651785714285714, 0.6450892857142857, 0.6428571428571429, 0.6778523489932886, 0.6696428571428571, 0.6517857142857143, 0.70917225950783, 0.6540178571428571
1177, 0.6428571428571429, 0.5637583892617449, 0.6473214285714286, 0.6294642857142857, 0.6183035714285714, 0.6331096196868009, 0.6450892857142857, 0.6316964285714286, 0.6778523489932886, 0.6361607142857143
