22346, 0.625, 0.5503355704697986, 0.5959821428571429, 0.5892857142857143, 0.5915178571428571, 0.5659955257270693, 0.59375, 0.5513392857142857, 0.6085011185682326, 0.5446428571428571
21170, 0.625, 0.5480984340044742, 0.5959821428571429, 0.5892857142857143, 0.5982142857142857, 0.5682326621923938, 0.6004464285714286, 0.5558035714285714, 0.6085011185682326, 0.5491071428571429
19994, 0.6272321428571429, 0.5525727069351231, 0.6004464285714286, 0.5915178571428571, 0.6071428571428571, 0.5704697986577181, 0.6026785714285714, 0.5625, 0.610738255033557, 0.546875
18818, 0.6361607142857143, 0.5503355704697986, 0.6116071428571429, 0.5982142857142857, 0.609375, 0.5749440715883669, 0.6026785714285714, 0.5736607142857143, 0.610738255033557, 0.5602678571428571
17642, 0.6428571428571429, 0.5525727069351231, 0.6116071428571429, 0.5982142857142857, 0.6160714285714286, 0.5816554809843401, 0.6138392857142857, 0.5736607142857143, 0.6174496644295302, 0.5669642857142857
16466, 0.6428571428571429, 0.5592841163310962, 0.6160714285714286, 0.5982142857142857, 0.625, 0.5883668903803132, 0.609375, 0.578125, 0.6241610738255033, 0.5758928571428571
15290, 0.6540178571428571, 0.5637583892617449, 0.6138392857142857, 0.6049107142857143, 0.625, 0.5973154362416108, 0.6049107142857143, 0.5915178571428571, 0.6375838926174496, 0.5870535714285714
14114, 0.6651785714285714, 0.5682326621923938, 0.6183035714285714, 0.6138392857142857, 0.6316964285714286, 0.6040268456375839, 0.6071428571428571, 0.6004464285714286, 0.6487695749440716, 0.6004464285714286
12938, 0.6674107142857143, 0.5704697986577181, 0.6294642857142857, 0.6116071428571429, 0.6316964285714286, 0.6174496644295302, 0.6116071428571429, 0.6004464285714286, 0.6599552572706935, 0.6049107142857143
11761, 0.6696428571428571, 0.5749440715883669, 0.6339285714285714, 0.6183035714285714, 0.6339285714285714, 0.6241610738255033, 0.6183035714285714, 0.5982142857142857, 0.668903803131991, 0.6160714285714286
10585, 0.6651785714285714, 0.5838926174496645, 0.6294642857142857, 0.6205357142857143, 0.6339285714285714, 0.6241610738255033, 0.6294642857142857, 0.5959821428571429, 0.6666666666666666, 0.6205357142857143
9409, 0.6696428571428571, 0.5838926174496645, 0.6227678571428571, 0.6205357142857143, 0.640625, 0.6174496644295302, 0.6294642857142857, 0.6004464285714286, 0.668903803131991, 0.625
8233, 0.6741071428571429, 0.5883668903803132, 0.625, 0.6183035714285714, 0.640625, 0.6241610738255033, 0.6361607142857143, 0.609375, 0.6577181208053692, 0.625
7057, 0.671875, 0.5771812080536913, 0.6272321428571429, 0.6160714285714286, 0.6383928571428571, 0.6219239373601789, 0.6428571428571429, 0.609375, 0.6487695749440716, 0.6183035714285714
5881, 0.6785714285714286, 0.5838926174496645, 0.6383928571428571, 0.6138392857142857, 0.6428571428571429, 0.6331096196868009, 0.6540178571428571, 0.6205357142857143, 0.6465324384787472, 0.6183035714285714
4705, 0.6830357142857143, 0.5861297539149888, 0.6316964285714286, 0.6272321428571429, 0.6473214285714286, 0.6510067114093959, 0.6495535714285714, 0.6116071428571429, 0.6331096196868009, 0.6316964285714286
3529, 0.6629464285714286, 0.5883668903803132, 0.6138392857142857, 0.6205357142857143, 0.6227678571428571, 0.6331096196868009, 0.6495535714285714, 0.6049107142857143, 0.6241610738255033, 0.6227678571428571
2353, 0.6316964285714286, 0.5861297539149888, 0.5870535714285714, 0.6049107142857143, 0.6116071428571429, 0.6219239373601789, 0.6071428571428571, 0.5982142857142857, 0.6375838926174496, 0.5848214285714286
1177, 0.5513392857142857, 0.5190156599552572, 0.515625, 0.5267857142857143, 0.5357142857142857, 0.5279642058165548, 0.5379464285714286, 0.5357142857142857, 0.5861297539149888, 0.5178571428571429
