22346, 0.6316964285714286, 0.5436241610738255, 0.5959821428571429, 0.5870535714285714, 0.5915178571428571, 0.5659955257270693, 0.6004464285714286, 0.5558035714285714, 0.6062639821029083, 0.5379464285714286
21170, 0.6316964285714286, 0.5480984340044742, 0.6004464285714286, 0.5915178571428571, 0.6004464285714286, 0.5727069351230425, 0.5982142857142857, 0.5647321428571429, 0.6152125279642058, 0.5401785714285714
19994, 0.640625, 0.5503355704697986, 0.6071428571428571, 0.59375, 0.6026785714285714, 0.5749440715883669, 0.609375, 0.5714285714285714, 0.6152125279642058, 0.5446428571428571
18818, 0.6383928571428571, 0.5480984340044742, 0.609375, 0.5982142857142857, 0.6116071428571429, 0.5816554809843401, 0.6138392857142857, 0.5758928571428571, 0.6196868008948546, 0.5580357142857143
17642, 0.6473214285714286, 0.5525727069351231, 0.6138392857142857, 0.6004464285714286, 0.6205357142857143, 0.5883668903803132, 0.6138392857142857, 0.5803571428571429, 0.6263982102908278, 0.5625
16466, 0.6495535714285714, 0.5548098434004475, 0.6138392857142857, 0.6071428571428571, 0.6160714285714286, 0.6062639821029083, 0.6138392857142857, 0.5803571428571429, 0.6353467561521253, 0.5803571428571429
15290, 0.65625, 0.5637583892617449, 0.6160714285714286, 0.6116071428571429, 0.6227678571428571, 0.6085011185682326, 0.6116071428571429, 0.59375, 0.6487695749440716, 0.5870535714285714
14114, 0.6674107142857143, 0.5659955257270693, 0.6183035714285714, 0.609375, 0.6316964285714286, 0.6219239373601789, 0.6183035714285714, 0.5982142857142857, 0.6621923937360179, 0.6026785714285714
12938, 0.6674107142857143, 0.5749440715883669, 0.6294642857142857, 0.6183035714285714, 0.6383928571428571, 0.6219239373601789, 0.6183035714285714, 0.6026785714285714, 0.6666666666666666, 0.6026785714285714
11761, 0.6651785714285714, 0.5771812080536913, 0.6316964285714286, 0.6205357142857143, 0.640625, 0.6263982102908278, 0.6316964285714286, 0.6026785714285714, 0.6711409395973155, 0.609375
10585, 0.671875, 0.5906040268456376, 0.640625, 0.6227678571428571, 0.6450892857142857, 0.6263982102908278, 0.640625, 0.6071428571428571, 0.6756152125279642, 0.6026785714285714
9409, 0.671875, 0.6062639821029083, 0.6339285714285714, 0.6383928571428571, 0.6517857142857143, 0.6465324384787472, 0.65625, 0.6138392857142857, 0.6778523489932886, 0.6183035714285714
8233, 0.671875, 0.610738255033557, 0.6383928571428571, 0.6383928571428571, 0.6473214285714286, 0.6554809843400448, 0.6584821428571429, 0.6160714285714286, 0.6823266219239373, 0.6272321428571429
7057, 0.6875, 0.6152125279642058, 0.6450892857142857, 0.6428571428571429, 0.6540178571428571, 0.6711409395973155, 0.6741071428571429, 0.640625, 0.6935123042505593, 0.6316964285714286
5881, 0.7008928571428571, 0.6129753914988815, 0.6517857142857143, 0.6428571428571429, 0.6540178571428571, 0.680089485458613, 0.6852678571428571, 0.6607142857142857, 0.70917225950783, 0.6473214285714286
4705, 0.6964285714285714, 0.6174496644295302, 0.6473214285714286, 0.6540178571428571, 0.65625, 0.680089485458613, 0.6875, 0.6540178571428571, 0.70917225950783, 0.6629464285714286
3529, 0.7008928571428571, 0.6219239373601789, 0.6584821428571429, 0.6473214285714286, 0.6517857142857143, 0.680089485458613, 0.6696428571428571, 0.6651785714285714, 0.7046979865771812, 0.6696428571428571
2353, 0.703125, 0.6017897091722595, 0.6495535714285714, 0.6316964285714286, 0.6383928571428571, 0.680089485458613, 0.6651785714285714, 0.6517857142857143, 0.6935123042505593, 0.6584821428571429
1177, 0.6361607142857143, 0.5704697986577181, 0.6160714285714286, 0.6383928571428571, 0.6004464285714286, 0.5950782997762863, 0.625, 0.6116071428571429, 0.6375838926174496, 0.5982142857142857
