24008, 0.3407960199004975, 0.39650872817955113, 0.35074626865671643, 0.4139650872817955, 0.38308457711442784, 0.38403990024937656, 0.4129353233830846, 0.39650872817955113, 0.40298507462686567, 0.40648379052369077
22744, 0.34328358208955223, 0.40648379052369077, 0.35074626865671643, 0.41895261845386533, 0.3855721393034826, 0.3865336658354115, 0.42039800995024873, 0.4014962593516209, 0.40049751243781095, 0.428927680798005
21481, 0.35323383084577115, 0.41895261845386533, 0.36069651741293535, 0.43640897755610975, 0.3880597014925373, 0.3915211970074813, 0.42039800995024873, 0.40648379052369077, 0.4129353233830846, 0.44139650872817954
20217, 0.3582089552238806, 0.42643391521197005, 0.3681592039800995, 0.44389027431421446, 0.4079601990049751, 0.3940149625935162, 0.43283582089552236, 0.41895261845386533, 0.417910447761194, 0.44389027431421446
18954, 0.3706467661691542, 0.42643391521197005, 0.3880597014925373, 0.456359102244389, 0.417910447761194, 0.4014962593516209, 0.44029850746268656, 0.42144638403990026, 0.42786069651741293, 0.4538653366583541
17690, 0.373134328358209, 0.44139650872817954, 0.3880597014925373, 0.4613466334164589, 0.4228855721393035, 0.42144638403990026, 0.4427860696517413, 0.428927680798005, 0.4502487562189055, 0.4613466334164589
16427, 0.39054726368159204, 0.45885286783042395, 0.41044776119402987, 0.4763092269326683, 0.4427860696517413, 0.44139650872817954, 0.4552238805970149, 0.44389027431421446, 0.4527363184079602, 0.4713216957605985
15163, 0.40049751243781095, 0.46633416458852867, 0.4228855721393035, 0.48877805486284287, 0.4502487562189055, 0.44389027431421446, 0.4552238805970149, 0.4538653366583541, 0.4626865671641791, 0.486284289276808
13900, 0.4154228855721393, 0.4688279301745636, 0.43532338308457713, 0.4912718204488778, 0.4601990049751244, 0.456359102244389, 0.4626865671641791, 0.46384039900249374, 0.47512437810945274, 0.486284289276808
12636, 0.43532338308457713, 0.4688279301745636, 0.44527363184079605, 0.4912718204488778, 0.4701492537313433, 0.4513715710723192, 0.4651741293532338, 0.48129675810473815, 0.48009950248756217, 0.48877805486284287
11372, 0.4502487562189055, 0.4713216957605985, 0.4601990049751244, 0.49875311720698257, 0.48009950248756217, 0.4513715710723192, 0.4626865671641791, 0.4937655860349127, 0.4900497512437811, 0.5012468827930174
10109, 0.472636815920398, 0.48129675810473815, 0.472636815920398, 0.5062344139650873, 0.49502487562189057, 0.47381546134663344, 0.4701492537313433, 0.5012468827930174, 0.5, 0.5286783042394015
8845, 0.48756218905472637, 0.48877805486284287, 0.48009950248756217, 0.5211970074812967, 0.4975124378109453, 0.4837905236907731, 0.4701492537313433, 0.5087281795511222, 0.5024875621890548, 0.5311720698254364
7582, 0.5099502487562189, 0.4912718204488778, 0.48258706467661694, 0.5386533665835411, 0.5124378109452736, 0.5012468827930174, 0.47761194029850745, 0.5012468827930174, 0.5074626865671642, 0.5386533665835411
6318, 0.5099502487562189, 0.5037406483790524, 0.48756218905472637, 0.5386533665835411, 0.5174129353233831, 0.5112219451371571, 0.49502487562189057, 0.5261845386533666, 0.5074626865671642, 0.543640897755611
5055, 0.5049751243781094, 0.5037406483790524, 0.4900497512437811, 0.5586034912718204, 0.5323383084577115, 0.513715710723192, 0.48507462686567165, 0.543640897755611, 0.5248756218905473, 0.5286783042394015
3791, 0.5174129353233831, 0.49875311720698257, 0.46766169154228854, 0.5486284289276808, 0.5348258706467661, 0.49875311720698257, 0.4900497512437811, 0.5211970074812967, 0.5223880597014925, 0.5386533665835411
2528, 0.5024875621890548, 0.4937655860349127, 0.47512437810945274, 0.5361596009975063, 0.5447761194029851, 0.486284289276808, 0.4925373134328358, 0.5211970074812967, 0.5149253731343284, 0.5211970074812967
1264, 0.5, 0.4613466334164589, 0.4552238805970149, 0.49875311720698257, 0.5024875621890548, 0.47381546134663344, 0.4626865671641791, 0.4763092269326683, 0.5099502487562189, 0.47880299251870323
