24008, 0.3383084577114428, 0.3940149625935162, 0.34328358208955223, 0.4164588528678304, 0.3805970149253731, 0.38403990024937656, 0.417910447761194, 0.39900249376558605, 0.40049751243781095, 0.4089775561097257
22744, 0.35074626865671643, 0.4089775561097257, 0.3582089552238806, 0.428927680798005, 0.3880597014925373, 0.3915211970074813, 0.4228855721393035, 0.40399002493765584, 0.40298507462686567, 0.4239401496259352
21481, 0.36069651741293535, 0.41895261845386533, 0.3706467661691542, 0.4463840399002494, 0.39552238805970147, 0.39900249376558605, 0.4253731343283582, 0.4139650872817955, 0.4129353233830846, 0.44389027431421446
20217, 0.3706467661691542, 0.428927680798005, 0.3756218905472637, 0.4538653366583541, 0.417910447761194, 0.4089775561097257, 0.43283582089552236, 0.42144638403990026, 0.4253731343283582, 0.44389027431421446
18954, 0.373134328358209, 0.4314214463840399, 0.3880597014925373, 0.4688279301745636, 0.42039800995024873, 0.4164588528678304, 0.4427860696517413, 0.42643391521197005, 0.43532338308457713, 0.4513715710723192
17690, 0.38308457711442784, 0.4463840399002494, 0.39800995024875624, 0.4763092269326683, 0.43034825870646765, 0.43640897755610975, 0.4527363184079602, 0.44139650872817954, 0.44776119402985076, 0.4613466334164589
16427, 0.39303482587064675, 0.4513715710723192, 0.4079601990049751, 0.48129675810473815, 0.4427860696517413, 0.4463840399002494, 0.4502487562189055, 0.44389027431421446, 0.4552238805970149, 0.4763092269326683
15163, 0.4079601990049751, 0.4538653366583541, 0.417910447761194, 0.48877805486284287, 0.4527363184079602, 0.4488778054862843, 0.4626865671641791, 0.4513715710723192, 0.46766169154228854, 0.486284289276808
13900, 0.4154228855721393, 0.45885286783042395, 0.42786069651741293, 0.486284289276808, 0.4601990049751244, 0.4488778054862843, 0.4577114427860697, 0.4613466334164589, 0.46766169154228854, 0.486284289276808
12636, 0.4228855721393035, 0.46384039900249374, 0.43532338308457713, 0.486284289276808, 0.4651741293532338, 0.4513715710723192, 0.4502487562189055, 0.4763092269326683, 0.48009950248756217, 0.4937655860349127
11372, 0.44776119402985076, 0.48129675810473815, 0.4502487562189055, 0.486284289276808, 0.48507462686567165, 0.456359102244389, 0.4577114427860697, 0.48877805486284287, 0.48507462686567165, 0.5087281795511222
10109, 0.4626865671641791, 0.4937655860349127, 0.48009950248756217, 0.5037406483790524, 0.4975124378109453, 0.47880299251870323, 0.47512437810945274, 0.49875311720698257, 0.4925373134328358, 0.516209476309227
8845, 0.4900497512437811, 0.48129675810473815, 0.48009950248756217, 0.5236907730673317, 0.5099502487562189, 0.486284289276808, 0.472636815920398, 0.5037406483790524, 0.4975124378109453, 0.5336658354114713
7582, 0.5024875621890548, 0.4912718204488778, 0.48009950248756217, 0.5187032418952618, 0.5124378109452736, 0.49625935162094764, 0.48258706467661694, 0.5187032418952618, 0.4975124378109453, 0.5211970074812967
6318, 0.5099502487562189, 0.49625935162094764, 0.4900497512437811, 0.5361596009975063, 0.527363184079602, 0.5037406483790524, 0.48258706467661694, 0.5336658354114713, 0.5, 0.5311720698254364
5055, 0.5099502487562189, 0.49625935162094764, 0.48507462686567165, 0.5561097256857855, 0.5373134328358209, 0.5236907730673317, 0.48756218905472637, 0.5361596009975063, 0.5199004975124378, 0.5361596009975063
3791, 0.527363184079602, 0.48877805486284287, 0.5, 0.5586034912718204, 0.5398009950248757, 0.5087281795511222, 0.4925373134328358, 0.5336658354114713, 0.5049751243781094, 0.5336658354114713
2528, 0.5049751243781094, 0.49625935162094764, 0.48756218905472637, 0.543640897755611, 0.5373134328358209, 0.5037406483790524, 0.5024875621890548, 0.5037406483790524, 0.5149253731343284, 0.5336658354114713
1264, 0.5124378109452736, 0.47880299251870323, 0.4626865671641791, 0.5112219451371571, 0.4975124378109453, 0.4613466334164589, 0.472636815920398, 0.45885286783042395, 0.48258706467661694, 0.49625935162094764
