24008, 0.3383084577114428, 0.3940149625935162, 0.34328358208955223, 0.4164588528678304, 0.3805970149253731, 0.38403990024937656, 0.4154228855721393, 0.3940149625935162, 0.40049751243781095, 0.4089775561097257
22744, 0.35074626865671643, 0.39900249376558605, 0.36069651741293535, 0.428927680798005, 0.3880597014925373, 0.3915211970074813, 0.42039800995024873, 0.39900249376558605, 0.40298507462686567, 0.42144638403990026
21481, 0.36318407960199006, 0.4164588528678304, 0.3706467661691542, 0.44389027431421446, 0.39552238805970147, 0.39900249376558605, 0.4228855721393035, 0.4114713216957606, 0.4129353233830846, 0.4389027431421446
20217, 0.3681592039800995, 0.42144638403990026, 0.3805970149253731, 0.4488778054862843, 0.417910447761194, 0.40648379052369077, 0.42786069651741293, 0.41895261845386533, 0.4228855721393035, 0.44389027431421446
18954, 0.3706467661691542, 0.4314214463840399, 0.39054726368159204, 0.46633416458852867, 0.42039800995024873, 0.4164588528678304, 0.43781094527363185, 0.42144638403990026, 0.43532338308457713, 0.4488778054862843
17690, 0.38308457711442784, 0.4389027431421446, 0.39552238805970147, 0.47880299251870323, 0.43283582089552236, 0.44389027431421446, 0.44527363184079605, 0.4339152119700748, 0.44776119402985076, 0.46384039900249374
16427, 0.3880597014925373, 0.4389027431421446, 0.41044776119402987, 0.48129675810473815, 0.43781094527363185, 0.44389027431421446, 0.43283582089552236, 0.4339152119700748, 0.4502487562189055, 0.47880299251870323
15163, 0.39800995024875624, 0.4339152119700748, 0.42039800995024873, 0.4688279301745636, 0.44776119402985076, 0.44389027431421446, 0.43034825870646765, 0.4463840399002494, 0.4577114427860697, 0.4763092269326683
13900, 0.39552238805970147, 0.44139650872817954, 0.43034825870646765, 0.46633416458852867, 0.44776119402985076, 0.4513715710723192, 0.4253731343283582, 0.456359102244389, 0.4701492537313433, 0.4912718204488778
12636, 0.4129353233830846, 0.4339152119700748, 0.43034825870646765, 0.4713216957605985, 0.4601990049751244, 0.4488778054862843, 0.4228855721393035, 0.47381546134663344, 0.46766169154228854, 0.48129675810473815
11372, 0.44029850746268656, 0.4488778054862843, 0.4253731343283582, 0.486284289276808, 0.46766169154228854, 0.4488778054862843, 0.4253731343283582, 0.4763092269326683, 0.4626865671641791, 0.486284289276808
10109, 0.43781094527363185, 0.4613466334164589, 0.43283582089552236, 0.4912718204488778, 0.47761194029850745, 0.4488778054862843, 0.44029850746268656, 0.47381546134663344, 0.4601990049751244, 0.4837905236907731
8845, 0.4527363184079602, 0.4763092269326683, 0.44527363184079605, 0.4912718204488778, 0.4975124378109453, 0.4613466334164589, 0.4427860696517413, 0.48877805486284287, 0.48009950248756217, 0.4912718204488778
7582, 0.4651741293532338, 0.4688279301745636, 0.4577114427860697, 0.5087281795511222, 0.5049751243781094, 0.4837905236907731, 0.4577114427860697, 0.49625935162094764, 0.4900497512437811, 0.5037406483790524
6318, 0.472636815920398, 0.48129675810473815, 0.4601990049751244, 0.5187032418952618, 0.5099502487562189, 0.5087281795511222, 0.4701492537313433, 0.5037406483790524, 0.5124378109452736, 0.5112219451371571
5055, 0.48507462686567165, 0.4837905236907731, 0.4577114427860697, 0.5087281795511222, 0.5174129353233831, 0.5012468827930174, 0.48009950248756217, 0.516209476309227, 0.5199004975124378, 0.5211970074812967
3791, 0.5, 0.48129675810473815, 0.44776119402985076, 0.5261845386533666, 0.5149253731343284, 0.5037406483790524, 0.49502487562189057, 0.5286783042394015, 0.527363184079602, 0.5261845386533666
2528, 0.48258706467661694, 0.4763092269326683, 0.4577114427860697, 0.5236907730673317, 0.5149253731343284, 0.5062344139650873, 0.4975124378109453, 0.49625935162094764, 0.5174129353233831, 0.5187032418952618
1264, 0.4427860696517413, 0.4114713216957606, 0.40298507462686567, 0.48877805486284287, 0.44029850746268656, 0.428927680798005, 0.40298507462686567, 0.44139650872817954, 0.4601990049751244, 0.456359102244389
