24008, 0.36069651741293535, 0.42144638403990026, 0.3706467661691542, 0.4314214463840399, 0.39800995024875624, 0.4164588528678304, 0.42786069651741293, 0.4139650872817955, 0.41044776119402987, 0.4538653366583541
22744, 0.3756218905472637, 0.42144638403990026, 0.3805970149253731, 0.43640897755610975, 0.4054726368159204, 0.42144638403990026, 0.44029850746268656, 0.42144638403990026, 0.417910447761194, 0.4513715710723192
21481, 0.3781094527363184, 0.42643391521197005, 0.3880597014925373, 0.44389027431421446, 0.4253731343283582, 0.42643391521197005, 0.43781094527363185, 0.4314214463840399, 0.43283582089552236, 0.456359102244389
20217, 0.3855721393034826, 0.44389027431421446, 0.39800995024875624, 0.46384039900249374, 0.43532338308457713, 0.4339152119700748, 0.44029850746268656, 0.4314214463840399, 0.44776119402985076, 0.4688279301745636
18954, 0.40049751243781095, 0.4538653366583541, 0.4079601990049751, 0.47381546134663344, 0.4427860696517413, 0.4463840399002494, 0.4427860696517413, 0.43640897755610975, 0.4601990049751244, 0.47381546134663344
17690, 0.4079601990049751, 0.4538653366583541, 0.4228855721393035, 0.486284289276808, 0.46766169154228854, 0.4513715710723192, 0.44776119402985076, 0.44139650872817954, 0.4701492537313433, 0.4763092269326683
16427, 0.4154228855721393, 0.46384039900249374, 0.4228855721393035, 0.48877805486284287, 0.4527363184079602, 0.4488778054862843, 0.4601990049751244, 0.456359102244389, 0.4701492537313433, 0.4763092269326683
15163, 0.4253731343283582, 0.47880299251870323, 0.43781094527363185, 0.4937655860349127, 0.4651741293532338, 0.46384039900249374, 0.4651741293532338, 0.4713216957605985, 0.47512437810945274, 0.4912718204488778
13900, 0.44527363184079605, 0.48129675810473815, 0.43034825870646765, 0.5037406483790524, 0.48009950248756217, 0.4613466334164589, 0.4626865671641791, 0.4937655860349127, 0.48507462686567165, 0.5037406483790524
12636, 0.4601990049751244, 0.48877805486284287, 0.4502487562189055, 0.49875311720698257, 0.48756218905472637, 0.46633416458852867, 0.4651741293532338, 0.4912718204488778, 0.48258706467661694, 0.5062344139650873
11372, 0.4651741293532338, 0.4837905236907731, 0.4577114427860697, 0.5112219451371571, 0.49502487562189057, 0.486284289276808, 0.4651741293532338, 0.4912718204488778, 0.48756218905472637, 0.5187032418952618
10109, 0.5024875621890548, 0.486284289276808, 0.48507462686567165, 0.5261845386533666, 0.4975124378109453, 0.5012468827930174, 0.48258706467661694, 0.5062344139650873, 0.5074626865671642, 0.5286783042394015
8845, 0.5149253731343284, 0.4937655860349127, 0.48756218905472637, 0.5361596009975063, 0.5124378109452736, 0.49875311720698257, 0.4975124378109453, 0.5112219451371571, 0.5149253731343284, 0.5336658354114713
7582, 0.5174129353233831, 0.4837905236907731, 0.48507462686567165, 0.5586034912718204, 0.5373134328358209, 0.513715710723192, 0.5, 0.5286783042394015, 0.5174129353233831, 0.5286783042394015
6318, 0.5298507462686567, 0.49875311720698257, 0.5, 0.5561097256857855, 0.5497512437810945, 0.5236907730673317, 0.4975124378109453, 0.5411471321695761, 0.527363184079602, 0.5361596009975063
5055, 0.5298507462686567, 0.49625935162094764, 0.5024875621890548, 0.571072319201995, 0.5597014925373134, 0.5361596009975063, 0.5099502487562189, 0.5411471321695761, 0.5398009950248757, 0.5361596009975063
3791, 0.5398009950248757, 0.5087281795511222, 0.5174129353233831, 0.5760598503740648, 0.572139303482587, 0.5311720698254364, 0.4975124378109453, 0.5336658354114713, 0.5348258706467661, 0.5486284289276808
2528, 0.527363184079602, 0.5037406483790524, 0.5149253731343284, 0.5635910224438903, 0.5497512437810945, 0.5037406483790524, 0.5024875621890548, 0.5112219451371571, 0.5298507462686567, 0.5461346633416458
1264, 0.5248756218905473, 0.47880299251870323, 0.48009950248756217, 0.5336658354114713, 0.5024875621890548, 0.47381546134663344, 0.4701492537313433, 0.4688279301745636, 0.5074626865671642, 0.47880299251870323
