24008, 0.3383084577114428, 0.39650872817955113, 0.35074626865671643, 0.4139650872817955, 0.38308457711442784, 0.38403990024937656, 0.4079601990049751, 0.3940149625935162, 0.4054726368159204, 0.40648379052369077
22744, 0.34328358208955223, 0.40399002493765584, 0.35323383084577115, 0.4089775561097257, 0.3880597014925373, 0.38403990024937656, 0.4154228855721393, 0.39650872817955113, 0.40049751243781095, 0.4114713216957606
21481, 0.35323383084577115, 0.4139650872817955, 0.36069651741293535, 0.4314214463840399, 0.3880597014925373, 0.38902743142144636, 0.42039800995024873, 0.4014962593516209, 0.4079601990049751, 0.4339152119700748
20217, 0.3582089552238806, 0.42144638403990026, 0.3706467661691542, 0.4463840399002494, 0.4054726368159204, 0.3915211970074813, 0.42039800995024873, 0.4114713216957606, 0.42039800995024873, 0.4389027431421446
18954, 0.3582089552238806, 0.42144638403990026, 0.3880597014925373, 0.44389027431421446, 0.4079601990049751, 0.3915211970074813, 0.42786069651741293, 0.4164588528678304, 0.4253731343283582, 0.4463840399002494
17690, 0.3656716417910448, 0.4239401496259352, 0.39552238805970147, 0.4513715710723192, 0.4129353233830846, 0.39650872817955113, 0.4253731343283582, 0.4164588528678304, 0.43532338308457713, 0.4538653366583541
16427, 0.3756218905472637, 0.4314214463840399, 0.4079601990049751, 0.45885286783042395, 0.4154228855721393, 0.41895261845386533, 0.43283582089552236, 0.4314214463840399, 0.44776119402985076, 0.456359102244389
15163, 0.3855721393034826, 0.4488778054862843, 0.417910447761194, 0.4713216957605985, 0.4253731343283582, 0.4314214463840399, 0.4427860696517413, 0.43640897755610975, 0.4527363184079602, 0.4688279301745636
13900, 0.4079601990049751, 0.4613466334164589, 0.42786069651741293, 0.48129675810473815, 0.44776119402985076, 0.43640897755610975, 0.4527363184079602, 0.4463840399002494, 0.4701492537313433, 0.47880299251870323
12636, 0.42039800995024873, 0.45885286783042395, 0.4502487562189055, 0.4837905236907731, 0.4626865671641791, 0.4488778054862843, 0.4626865671641791, 0.4613466334164589, 0.48507462686567165, 0.4912718204488778
11372, 0.4427860696517413, 0.456359102244389, 0.4577114427860697, 0.5012468827930174, 0.47512437810945274, 0.4389027431421446, 0.4527363184079602, 0.4763092269326683, 0.4900497512437811, 0.4912718204488778
10109, 0.46766169154228854, 0.47381546134663344, 0.4552238805970149, 0.5087281795511222, 0.48507462686567165, 0.4688279301745636, 0.4626865671641791, 0.4837905236907731, 0.49502487562189057, 0.5037406483790524
8845, 0.472636815920398, 0.4763092269326683, 0.47512437810945274, 0.5236907730673317, 0.48756218905472637, 0.4713216957605985, 0.4651741293532338, 0.48877805486284287, 0.49502487562189057, 0.5236907730673317
7582, 0.472636815920398, 0.48877805486284287, 0.4701492537313433, 0.5261845386533666, 0.4925373134328358, 0.4937655860349127, 0.4601990049751244, 0.48877805486284287, 0.49502487562189057, 0.5311720698254364
6318, 0.5049751243781094, 0.49625935162094764, 0.46766169154228854, 0.5286783042394015, 0.5124378109452736, 0.5062344139650873, 0.4701492537313433, 0.513715710723192, 0.5124378109452736, 0.5386533665835411
5055, 0.5174129353233831, 0.48877805486284287, 0.47512437810945274, 0.5386533665835411, 0.5223880597014925, 0.5087281795511222, 0.4601990049751244, 0.5087281795511222, 0.5223880597014925, 0.5286783042394015
3791, 0.5049751243781094, 0.486284289276808, 0.4552238805970149, 0.5361596009975063, 0.5, 0.486284289276808, 0.4577114427860697, 0.516209476309227, 0.5223880597014925, 0.5187032418952618
2528, 0.5, 0.4837905236907731, 0.43781094527363185, 0.5211970074812967, 0.5049751243781094, 0.4937655860349127, 0.47512437810945274, 0.486284289276808, 0.5024875621890548, 0.513715710723192
1264, 0.39054726368159204, 0.4114713216957606, 0.34577114427860695, 0.4164588528678304, 0.43532338308457713, 0.3790523690773067, 0.40298507462686567, 0.38902743142144636, 0.40049751243781095, 0.43640897755610975
