24008, 0.3383084577114428, 0.39650872817955113, 0.35074626865671643, 0.4139650872817955, 0.38308457711442784, 0.38403990024937656, 0.4079601990049751, 0.3940149625935162, 0.4054726368159204, 0.40648379052369077
22744, 0.34328358208955223, 0.40399002493765584, 0.35323383084577115, 0.4089775561097257, 0.3855721393034826, 0.3865336658354115, 0.4154228855721393, 0.39650872817955113, 0.40049751243781095, 0.4164588528678304
21481, 0.35323383084577115, 0.4139650872817955, 0.36069651741293535, 0.4339152119700748, 0.3855721393034826, 0.3915211970074813, 0.417910447761194, 0.40399002493765584, 0.4079601990049751, 0.43640897755610975
20217, 0.35572139303482586, 0.42144638403990026, 0.3706467661691542, 0.4463840399002494, 0.4079601990049751, 0.3940149625935162, 0.4228855721393035, 0.4164588528678304, 0.417910447761194, 0.44389027431421446
18954, 0.36318407960199006, 0.4164588528678304, 0.39054726368159204, 0.4389027431421446, 0.4054726368159204, 0.3940149625935162, 0.4253731343283582, 0.4164588528678304, 0.42786069651741293, 0.44389027431421446
17690, 0.36318407960199006, 0.4314214463840399, 0.39054726368159204, 0.45885286783042395, 0.4129353233830846, 0.39900249376558605, 0.43283582089552236, 0.42144638403990026, 0.44029850746268656, 0.4538653366583541
16427, 0.3781094527363184, 0.44389027431421446, 0.40298507462686567, 0.4613466334164589, 0.4228855721393035, 0.4164588528678304, 0.44029850746268656, 0.4389027431421446, 0.4552238805970149, 0.4613466334164589
15163, 0.39800995024875624, 0.456359102244389, 0.4129353233830846, 0.48129675810473815, 0.44029850746268656, 0.428927680798005, 0.4502487562189055, 0.44139650872817954, 0.4577114427860697, 0.4713216957605985
13900, 0.41044776119402987, 0.45885286783042395, 0.4253731343283582, 0.47880299251870323, 0.4502487562189055, 0.44139650872817954, 0.4552238805970149, 0.456359102244389, 0.4701492537313433, 0.47880299251870323
12636, 0.42039800995024873, 0.4513715710723192, 0.44527363184079605, 0.48877805486284287, 0.4577114427860697, 0.4463840399002494, 0.4577114427860697, 0.46633416458852867, 0.47512437810945274, 0.486284289276808
11372, 0.43781094527363185, 0.4613466334164589, 0.44527363184079605, 0.49625935162094764, 0.4651741293532338, 0.4463840399002494, 0.4552238805970149, 0.4837905236907731, 0.48507462686567165, 0.49625935162094764
10109, 0.4577114427860697, 0.4763092269326683, 0.4626865671641791, 0.516209476309227, 0.48009950248756217, 0.4713216957605985, 0.46766169154228854, 0.48877805486284287, 0.4925373134328358, 0.516209476309227
8845, 0.48009950248756217, 0.47880299251870323, 0.47761194029850745, 0.5286783042394015, 0.48258706467661694, 0.4763092269326683, 0.4701492537313433, 0.4937655860349127, 0.4975124378109453, 0.5261845386533666
7582, 0.4900497512437811, 0.48877805486284287, 0.47512437810945274, 0.5311720698254364, 0.5, 0.4937655860349127, 0.4651741293532338, 0.49625935162094764, 0.49502487562189057, 0.5361596009975063
6318, 0.5223880597014925, 0.49875311720698257, 0.48507462686567165, 0.5236907730673317, 0.5174129353233831, 0.5037406483790524, 0.46766169154228854, 0.516209476309227, 0.5174129353233831, 0.5411471321695761
5055, 0.5248756218905473, 0.5062344139650873, 0.4975124378109453, 0.5610972568578554, 0.5348258706467661, 0.5112219451371571, 0.4651741293532338, 0.5386533665835411, 0.527363184079602, 0.5361596009975063
3791, 0.5223880597014925, 0.5037406483790524, 0.4900497512437811, 0.5586034912718204, 0.5398009950248757, 0.5012468827930174, 0.48009950248756217, 0.5286783042394015, 0.5174129353233831, 0.5361596009975063
2528, 0.5049751243781094, 0.47381546134663344, 0.4651741293532338, 0.5336658354114713, 0.5199004975124378, 0.4837905236907731, 0.46766169154228854, 0.5037406483790524, 0.5024875621890548, 0.5112219451371571
1264, 0.44776119402985076, 0.4339152119700748, 0.43283582089552236, 0.4763092269326683, 0.46766169154228854, 0.4513715710723192, 0.43781094527363185, 0.4314214463840399, 0.4427860696517413, 0.47381546134663344
